%YAML:1.0
cameraMatrix: !!opencv-matrix
   rows: 3
   cols: 3
   dt: d
   data: [ 1.9746438028580033e+03, 0., 4.2771600346745902e+02, 0.,
       1.9483120213796251e+03, -4.4462485508180777e+01, 0., 0., 1. ]
imageSize_width: 800
imageSize_height: 600
sensorSize_width: 0
sensorSize_height: 0
distCoeffs: !!opencv-matrix
   rows: 5
   cols: 1
   dt: d
   data: [ -1.6699518689855433e-01, 1.1190095109079923e+00,
       4.9988216344482826e-03, -3.9720488049650255e-04,
       -6.7827535327477415e+00 ]
reprojectionError: 3.6141005158424377e-01
features:
   -
      - [ 180., 100., 270., 100., 360., 100., 450., 100., 225., 145.,
          315., 145., 405., 145., 495., 145., 180., 190., 270., 190.,
          360., 190., 450., 190., 225., 235., 315., 235., 405., 235.,
          495., 235., 180., 280., 270., 280., 360., 280., 450., 280. ]
   -
      - [ 180., 100., 270., 100., 360., 100., 450., 100., 225., 145.,
          315., 145., 405., 145., 495., 145., 180., 190., 270., 190.,
          360., 190., 450., 190., 225., 235., 315., 235., 405., 235.,
          495., 235., 180., 280., 270., 280., 360., 280., 450., 280. ]
   -
      - [ 180., 100., 270., 100., 360., 100., 450., 100., 225., 145.,
          315., 145., 405., 145., 495., 145., 180., 190., 270., 190.,
          360., 190., 450., 190., 225., 235., 315., 235., 405., 235.,
          495., 235., 180., 280., 270., 280., 360., 280., 450., 280. ]
   -
      - [ 180., 100., 270., 100., 360., 100., 450., 100., 225., 145.,
          315., 145., 405., 145., 495., 145., 180., 190., 270., 190.,
          360., 190., 450., 190., 225., 235., 315., 235., 405., 235.,
          495., 235., 180., 280., 270., 280., 360., 280., 450., 280. ]
   -
      - [ 1.40795654e+02, 1.26025131e+02, 3.05017700e+02, 1.23299515e+02,
          4.69833832e+02, 1.20209991e+02, 6.34928772e+02, 1.16746887e+02,
          2.25321915e+02, 2.05053970e+02, 3.89227142e+02, 2.02300781e+02,
          5.53563965e+02, 1.99140427e+02, 7.18064819e+02, 1.95597412e+02,
          1.46409561e+02, 2.85831818e+02, 3.09356110e+02, 2.83427094e+02,
          4.72847076e+02, 2.80602142e+02, 6.36634888e+02, 2.77353088e+02,
          2.30256149e+02, 3.63563812e+02, 3.92834473e+02, 3.61099823e+02,
          5.55829590e+02, 3.58174591e+02, 7.18965088e+02, 3.54752045e+02,
          1.52049728e+02, 4.42504639e+02, 3.13578064e+02, 4.40549957e+02,
          4.75698059e+02, 4.37989502e+02, 6.38073181e+02, 4.34851868e+02 ]
   -
      - [ 1.15640747e+02, 1.38023483e+02, 2.84819397e+02, 1.31637665e+02,
          4.55419434e+02, 1.24619637e+02, 6.26682739e+02, 1.16882927e+02,
          2.07946976e+02, 2.09914658e+02, 3.75243896e+02, 2.03568741e+02,
          5.43544006e+02, 1.96493439e+02, 7.12266296e+02, 1.88792831e+02,
          1.33676788e+02, 2.85388672e+02, 2.97821716e+02, 2.79575195e+02,
          4.63062531e+02, 2.73164551e+02, 6.28999878e+02, 2.66078339e+02,
          2.22991669e+02, 3.52909027e+02, 3.85227814e+02, 3.47062653e+02,
          5.48321106e+02, 3.40605804e+02, 7.11979370e+02, 3.33575897e+02,
          1.50644638e+02, 4.23639252e+02, 3.09936920e+02, 4.18382019e+02,
          4.70192963e+02, 4.12499634e+02, 6.31136292e+02, 4.06019440e+02 ]
   -
      - [ 1.12610153e+02, 1.49478180e+02, 2.85958099e+02, 1.26837204e+02,
          4.53171082e+02, 1.04564911e+02, 6.13901367e+02, 8.26485977e+01,
          2.07302567e+02, 2.18491699e+02, 3.75606934e+02, 1.94837830e+02,
          5.37730896e+02, 1.71533752e+02, 6.93478943e+02, 1.48682114e+02,
          1.28929611e+02, 3.09647064e+02, 2.98282623e+02, 2.84585754e+02,
          4.61605316e+02, 2.59954285e+02, 6.18795654e+02, 2.35740570e+02,
          2.21222992e+02, 3.73832397e+02, 3.85641266e+02, 3.47898651e+02,
          5.44107117e+02, 3.22390625e+02, 6.96577332e+02, 2.97366089e+02,
          1.44653229e+02, 4.62060883e+02, 3.09903137e+02, 4.35261017e+02,
          4.69506714e+02, 4.08550446e+02, 6.23265930e+02, 3.82239227e+02 ]
   -
      - [ 1.09388504e+02, 1.39872665e+02, 2.75300232e+02, 1.29361557e+02,
          4.41641327e+02, 1.18605247e+02, 6.07729248e+02, 1.07589325e+02,
          1.98553452e+02, 2.15586136e+02, 3.64144836e+02, 2.05088501e+02,
          5.29845337e+02, 1.94221527e+02, 6.95019653e+02, 1.83069855e+02,
          1.22407906e+02, 3.00991058e+02, 2.87244873e+02, 2.90713501e+02,
          4.52328278e+02, 2.80099365e+02, 6.17197998e+02, 2.69088898e+02,
          2.10946487e+02, 3.75528381e+02, 3.75331421e+02, 3.65153046e+02,
          5.39722839e+02, 3.54379669e+02, 7.03719604e+02, 3.43238159e+02,
          1.35468018e+02, 4.59206573e+02, 2.98914917e+02, 4.49374573e+02,
          4.62700592e+02, 4.38870819e+02, 6.26279419e+02, 4.27899261e+02 ]
   -
      - [ 1.82916504e+02, 1.46386826e+02, 3.54988495e+02, 1.24059883e+02,
          5.20133484e+02, 1.02392563e+02, 6.78213867e+02, 8.14266663e+01,
          2.75719330e+02, 2.16173920e+02, 4.42316833e+02, 1.92790543e+02,
          6.02078430e+02, 1.70058838e+02, 7.55021057e+02, 1.48066788e+02,
          1.96695053e+02, 3.07916077e+02, 3.64626129e+02, 2.82861267e+02,
          5.25889404e+02, 2.58479187e+02, 6.80487671e+02, 2.34791183e+02,
          2.87139557e+02, 3.72565918e+02, 4.49767426e+02, 3.46595367e+02,
          6.05884277e+02, 3.21309570e+02, 7.55541626e+02, 2.96739044e+02,
          2.09993713e+02, 4.61656311e+02, 3.73800629e+02, 4.34322266e+02,
          5.31301147e+02, 4.07522888e+02, 6.82459473e+02, 3.81392487e+02 ]
   -
      - [ 1.47148956e+02, 1.62877396e+02, 3.21502136e+02, 1.42505463e+02,
          4.92196381e+02, 1.22412346e+02, 6.58389648e+02, 1.02660942e+02,
          2.42622940e+02, 2.30990799e+02, 4.12707611e+02, 2.10208740e+02,
          5.78835022e+02, 1.89602676e+02, 7.40404785e+02, 1.69351288e+02,
          1.65151520e+02, 3.17847778e+02, 3.34530426e+02, 2.96392181e+02,
          5.00276398e+02, 2.75126160e+02, 6.61882141e+02, 2.54052902e+02,
          2.57700653e+02, 3.81020142e+02, 4.22892334e+02, 3.59136902e+02,
          5.84301270e+02, 3.37413971e+02, 7.41571838e+02, 3.15950500e+02,
          1.82275940e+02, 4.63990753e+02, 3.46762482e+02, 4.41657898e+02,
          5.07785980e+02, 4.19361511e+02, 6.64960876e+02, 3.97235535e+02 ]
   -
      - [ 1.53590454e+02, 1.68827637e+02, 3.26945923e+02, 1.42466873e+02,
          4.93628204e+02, 1.16846878e+02, 6.53415344e+02, 9.20135040e+01,
          2.49170593e+02, 2.36070740e+02, 4.16998749e+02, 2.08843338e+02,
          5.78207458e+02, 1.82335373e+02, 7.32698608e+02, 1.56635773e+02,
          1.71839981e+02, 3.29026306e+02, 3.40675995e+02, 3.00259277e+02,
          5.03104126e+02, 2.72208038e+02, 6.59031433e+02, 2.44899933e+02,
          2.64742859e+02, 3.91045044e+02, 4.28235962e+02, 3.61529755e+02,
          5.85432312e+02, 3.32732483e+02, 7.36308838e+02, 3.04710297e+02,
          1.89299210e+02, 4.81043762e+02, 3.53696045e+02, 4.50228058e+02,
          5.12008728e+02, 4.20035217e+02, 6.64169495e+02, 3.90567139e+02 ]
   -
      - [ 1.55334137e+02, 6.68053818e+01, 3.26502594e+02, 5.89440689e+01,
          5.00870941e+02, 5.07521896e+01, 6.77611145e+02, 4.22577477e+01,
          2.43521820e+02, 1.49062424e+02, 4.17063873e+02, 1.41782852e+02,
          5.93418579e+02, 1.34049026e+02, 7.71866760e+02, 1.25955040e+02,
          1.60799316e+02, 2.38861877e+02, 3.33318146e+02, 2.32564072e+02,
          5.08996490e+02, 2.25749420e+02, 6.87151672e+02, 2.18422577e+02,
          2.49779572e+02, 3.22995300e+02, 4.24552307e+02, 3.17179993e+02,
          6.02165344e+02, 3.10770844e+02, 7.81995361e+02, 3.03808502e+02,
          1.66553162e+02, 4.12973572e+02, 3.40247345e+02, 4.08234985e+02,
          5.17084351e+02, 4.02834076e+02, 6.96463928e+02, 3.96756836e+02 ]
   -
      - [ 1.68968948e+02, 3.11195736e+01, 3.27383179e+02, 3.39633942e+01,
          4.94770660e+02, 3.68428345e+01, 6.71212952e+02, 3.97380676e+01,
          2.51759796e+02, 1.15085411e+02, 4.13646149e+02, 1.20189995e+02,
          5.84423950e+02, 1.25333557e+02, 7.64127197e+02, 1.30490601e+02,
