%YAML:1.0
cameraMatrix: !!opencv-matrix
   rows: 3
   cols: 3
   dt: d
   data: [ 2.1683979238265465e+03, 0., 4.5475946758450982e+02, 0.,
       2.1363913969097152e+03, 5.5105805043008964e+01, 0., 0., 1. ]
imageSize_width: 800
imageSize_height: 600
sensorSize_width: 0
sensorSize_height: 0
distCoeffs: !!opencv-matrix
   rows: 5
   cols: 1
   dt: d
   data: [ -1.5070133114710648e-02, -3.3819080033187827e+00,
       5.6585872134714979e-05, 2.2794673271780961e-03,
       2.2209418455788786e+01 ]
reprojectionError: 3.5242405533790588e-01
features:
   -
      - [ 40., 40., 112., 40., 184., 40., 256., 40., 76., 76., 148., 76.,
          220., 76., 292., 76., 40., 112., 112., 112., 184., 112., 256.,
          112., 76., 148., 148., 148., 220., 148., 292., 148., 40., 184.,
          112., 184., 184., 184., 256., 184. ]
   -
      - [ 40., 40., 112., 40., 184., 40., 256., 40., 76., 76., 148., 76.,
          220., 76., 292., 76., 40., 112., 112., 112., 184., 112., 256.,
          112., 76., 148., 148., 148., 220., 148., 292., 148., 40., 184.,
          112., 184., 184., 184., 256., 184. ]
   -
      - [ 40., 40., 112., 40., 184., 40., 256., 40., 76., 76., 148., 76.,
          220., 76., 292., 76., 40., 112., 112., 112., 184., 112., 256.,
          112., 76., 148., 148., 148., 220., 148., 292., 148., 40., 184.,
          112., 184., 184., 184., 256., 184. ]
   -
      - [ 40., 40., 112., 40., 184., 40., 256., 40., 76., 76., 148., 76.,
          220., 76., 292., 76., 40., 112., 112., 112., 184., 112., 256.,
          112., 76., 148., 148., 148., 220., 148., 292., 148., 40., 184.,
          112., 184., 184., 184., 256., 184. ]
   -
      - [ 40., 40., 112., 40., 184., 40., 256., 40., 76., 76., 148., 76.,
          220., 76., 292., 76., 40., 112., 112., 112., 184., 112., 256.,
          112., 76., 148., 148., 148., 220., 148., 292., 148., 40., 184.,
          112., 184., 184., 184., 256., 184. ]
   -
      - [ 1.24219887e+02, 5.52730835e+02, 1.13227364e+02, 4.11795380e+02,
          1.02713539e+02, 2.63530731e+02, 9.28282700e+01, 1.08649323e+02,
          1.97562592e+02, 4.81027954e+02, 1.88565231e+02, 3.36266205e+02,
          1.80057068e+02, 1.84483368e+02, 1.72110977e+02, 2.65592937e+01,
          2.80261963e+02, 5.48169678e+02, 2.72904510e+02, 4.07193939e+02,
          2.65857941e+02, 2.58764893e+02, 2.59343994e+02, 1.03786552e+02,
          3.55577911e+02, 4.76075256e+02, 3.50124298e+02, 3.31341125e+02,
          3.45050659e+02, 1.79498566e+02, 3.40373016e+02, 2.18080502e+01,
          4.36323639e+02, 5.42631958e+02, 4.32706177e+02, 4.01948364e+02,
          4.29196411e+02, 2.53612457e+02, 4.25938904e+02, 9.88646164e+01 ]
   -
      - [ 1.23215813e+02, 5.53477417e+02, 1.20889236e+02, 4.12767059e+02,
          1.19193649e+02, 2.64858551e+02, 1.18011436e+02, 1.10265251e+02,
          2.00851501e+02, 4.85758179e+02, 2.00727692e+02, 3.41309174e+02,
          2.01152893e+02, 1.90030533e+02, 2.01839294e+02, 3.23936958e+01,
          2.79185150e+02, 5.56720276e+02, 2.80614288e+02, 4.15928986e+02,
          2.82574890e+02, 2.67996002e+02, 2.84862854e+02, 1.13730583e+02,
          3.58796875e+02, 4.88597809e+02, 3.62245422e+02, 3.44190338e+02,
          3.66042847e+02, 1.93211349e+02, 3.70077484e+02, 3.60998840e+01,
          4.35175354e+02, 5.59102417e+02, 4.40182220e+02, 4.18534790e+02,
          4.45442017e+02, 2.70925323e+02, 4.50970459e+02, 1.17140724e+02 ]
   -
      - [ 9.79905090e+01, 5.50169678e+02, 9.57511978e+01, 4.09273743e+02,
          9.41741333e+01, 2.61411682e+02, 9.33516922e+01, 1.07071518e+02,
          1.75476273e+02, 4.82744385e+02, 1.75250610e+02, 3.38329681e+02,
          1.75745499e+02, 1.87138336e+02, 1.76933609e+02, 2.98252354e+01,
          2.53695251e+02, 5.54175659e+02, 2.54912170e+02, 4.13443512e+02,
          2.56726105e+02, 2.65569244e+02, 2.59281555e+02, 1.11306389e+02,
          3.33066071e+02, 4.86533844e+02, 3.36300842e+02, 3.42283081e+02,
          3.40169983e+02, 1.91160675e+02, 3.44596405e+02, 3.42176056e+01,
          4.09467712e+02, 5.57345825e+02, 4.14328369e+02, 4.17029724e+02,
          4.19608429e+02, 2.69378998e+02, 4.25336090e+02, 1.15457977e+02 ]
   -
      - [ 4.85036377e+02, 4.09293900e+01, 4.90613495e+02, 1.97724014e+02,
          4.95989716e+02, 3.48706116e+02, 5.01127594e+02, 4.92700928e+02,
          4.04903992e+02, 1.23951904e+02, 4.11933777e+02, 2.78093781e+02,
          4.18978394e+02, 4.25792267e+02, 4.25896515e+02, 5.66134094e+02,
          3.17609924e+02, 4.87396469e+01, 3.26177826e+02, 2.05775635e+02,
          3.34897491e+02, 3.56801636e+02, 3.43727051e+02, 5.00860657e+02,
          2.38949219e+02, 1.31974518e+02, 2.49223663e+02, 2.86016327e+02,
          2.59745789e+02, 4.33529694e+02, 2.70291504e+02, 5.73900208e+02,
          1.50243164e+02, 5.67161026e+01, 1.62101593e+02, 2.13666183e+02,
          1.74195114e+02, 3.64356903e+02, 1.86460403e+02, 5.08212952e+02 ]
   -
      - [ 5.48742676e+02, 3.74997711e+01, 5.52859497e+02, 1.94354645e+02,
          5.56614136e+02, 3.45278290e+02, 5.59974304e+02, 4.89351715e+02,
          4.68122711e+02, 1.20494461e+02, 4.73618011e+02, 2.74745544e+02,
          4.78916931e+02, 4.22583710e+02, 4.83979309e+02, 5.63138977e+02,
          3.81548523e+02, 4.50388527e+01, 3.88638977e+02, 2.02362946e+02,
          3.95700592e+02, 3.53651550e+02, 4.02719727e+02, 4.98011902e+02,
          3.01971985e+02, 1.28358444e+02, 3.10649139e+02, 2.82800751e+02,
          3.19449554e+02, 4.30719727e+02, 3.28245544e+02, 5.71395325e+02,
          2.13760162e+02, 5.28263664e+01, 2.24013046e+02, 2.10265778e+02,
          2.34446625e+02, 3.61462677e+02, 2.45037323e+02, 5.05744995e+02 ]
   -
      - [ 5.50458801e+02, 2.51008987e+01, 5.58020203e+02, 1.85482773e+02,
          5.65130981e+02, 3.41081268e+02, 5.71711182e+02, 4.90882660e+02,
          4.71185791e+02, 1.10743462e+02, 4.79761780e+02, 2.69083069e+02,
          4.88044891e+02, 4.22148956e+02, 4.95977417e+02, 5.68855286e+02,
          3.82838531e+02, 3.47240639e+01, 3.92709259e+02, 1.95542786e+02,
          4.02478027e+02, 3.51500977e+02, 4.12132874e+02, 5.01583160e+02,
          3.04284668e+02, 1.20687698e+02, 3.15367432e+02, 2.79218903e+02,
          3.26528564e+02, 4.32354462e+02, 3.37666626e+02, 5.79138733e+02,
          2.14669113e+02, 4.46318703e+01, 2.26989731e+02, 2.05549393e+02,
          2.39482239e+02, 3.61410919e+02, 2.52144287e+02, 5.11363800e+02 ]
   -
      - [ 5.56979980e+02, 3.76050606e+01, 5.61969238e+02, 1.94977432e+02,
          5.66535339e+02, 3.44920868e+02, 5.70653076e+02, 4.86990753e+02,
          4.74874695e+02, 1.22475540e+02, 4.81641815e+02, 2.76383087e+02,
          4.88071106e+02, 4.22616241e+02, 4.94143097e+02, 5.60724609e+02,
          3.85421112e+02, 4.79902000e+01, 3.94314819e+02, 2.05725540e+02,
          4.02966858e+02, 3.55942688e+02, 4.11370270e+02, 4.98196014e+02,
          3.04775421e+02, 1.33093826e+02, 3.15574768e+02, 2.87130890e+02,
          3.26218811e+02, 4.33386078e+02, 3.36634796e+02, 5.71498718e+02,
          2.13174438e+02, 5.85734673e+01, 2.26090576e+02, 2.16331802e+02,
          2.38897430e+02, 3.66428833e+02, 2.51564987e+02, 5.08528992e+02 ]
   -
      - [ 6.17965393e+02, 2.82838459e+01, 6.19043701e+02, 1.91294968e+02,
          6.19862183e+02, 3.49716187e+02, 6.20273254e+02, 5.02718048e+02,
          5.34656433e+02, 1.12538216e+02, 5.36747742e+02, 2.73598419e+02,
          5.38655518e+02, 4.29764801e+02, 5.40284546e+02, 5.80007263e+02,
          4.48833740e+02, 3.24090233e+01, 4.52089600e+02, 1.95930649e+02,
          4.55276794e+02, 3.54861450e+02, 4.58382263e+02, 5.08406494e+02,
          3.66048859e+02, 1.16874214e+02, 3.70409332e+02, 2.78324707e+02,
          3.74808594e+02, 4.34834900e+02, 3.79301392e+02, 5.85368530e+02,
          2.78761047e+02, 3.65394363e+01, 2.84215271e+02, 2.00360229e+02,
          2.89803741e+02, 3.59515076e+02, 2.95640564e+02, 5.13143127e+02 ]
   -
      - [ 5.42974609e+02, 2.08608532e+01, 5.58636963e+02, 1.77787079e+02,
