%YAML:1.0
cameraMatrix: !!opencv-matrix
   rows: 3
   cols: 3
   dt: d
   data: [ 2.6642781993894596e+03, 0., 4.2213130068291400e+02, 0.,
       2.6033700634241468e+03, 2.1784001828629036e+02, 0., 0., 1. ]
imageSize_width: 800
imageSize_height: 600
sensorSize_width: 0
sensorSize_height: 0
distCoeffs: !!opencv-matrix
   rows: 5
   cols: 1
   dt: d
   data: [ -1.7868591321130375e-02, -7.3590897832352384e+00,
       -1.4693438628212084e-02, 1.5357237331905880e-03,
       9.9836636131596720e+01 ]
reprojectionError: 3.5822287201881409e-01
features:
   -
      - [ 180., 100., 270., 100., 360., 100., 450., 100., 225., 145.,
          315., 145., 405., 145., 495., 145., 180., 190., 270., 190.,
          360., 190., 450., 190., 225., 235., 315., 235., 405., 235.,
          495., 235., 180., 280., 270., 280., 360., 280., 450., 280. ]
   -
      - [ 180., 100., 270., 100., 360., 100., 450., 100., 225., 145.,
          315., 145., 405., 145., 495., 145., 180., 190., 270., 190.,
          360., 190., 450., 190., 225., 235., 315., 235., 405., 235.,
          495., 235., 180., 280., 270., 280., 360., 280., 450., 280. ]
   -
      - [ 180., 100., 270., 100., 360., 100., 450., 100., 225., 145.,
          315., 145., 405., 145., 495., 145., 180., 190., 270., 190.,
          360., 190., 450., 190., 225., 235., 315., 235., 405., 235.,
          495., 235., 180., 280., 270., 280., 360., 280., 450., 280. ]
   -
      - [ 180., 100., 270., 100., 360., 100., 450., 100., 225., 145.,
          315., 145., 405., 145., 495., 145., 180., 190., 270., 190.,
          360., 190., 450., 190., 225., 235., 315., 235., 405., 235.,
          495., 235., 180., 280., 270., 280., 360., 280., 450., 280. ]
   -
      - [ 180., 100., 270., 100., 360., 100., 450., 100., 225., 145.,
          315., 145., 405., 145., 495., 145., 180., 190., 270., 190.,
          360., 190., 450., 190., 225., 235., 315., 235., 405., 235.,
          495., 235., 180., 280., 270., 280., 360., 280., 450., 280. ]
   -
      - [ 5.51329308e+01, 3.30020844e+02, 1.68509338e+02, 2.35833237e+02,
          2.86303650e+02, 1.38043442e+02, 4.08078491e+02, 3.70332336e+01,
          1.65392929e+02, 3.37826477e+02, 2.81079865e+02, 2.43401947e+02,
          4.00856445e+02, 1.45526566e+02, 5.24310547e+02, 4.46130295e+01,
          1.62600662e+02, 4.36436371e+02, 2.76199890e+02, 3.45396576e+02,
          3.93929474e+02, 2.50796204e+02, 5.15427917e+02, 1.52933472e+02,
          2.71652710e+02, 4.43955292e+02, 3.87307190e+02, 3.52711578e+02,
          5.06815308e+02, 2.58029022e+02, 6.29825684e+02, 1.60245880e+02,
          2.67361969e+02, 5.39244019e+02, 3.80990997e+02, 4.51175293e+02,
          4.98467041e+02, 3.59771118e+02, 6.19518799e+02, 2.65081360e+02 ]
   -
      - [ 8.72913055e+01, 4.17547974e+02, 1.74228546e+02, 3.05651672e+02,
          2.65090027e+02, 1.88891739e+02, 3.59774109e+02, 6.74174118e+01,
          1.94315308e+02, 4.04777405e+02, 2.84015656e+02, 2.91892181e+02,
          3.77535583e+02, 1.74193359e+02, 4.74676941e+02, 5.19560471e+01,
          2.13955048e+02, 5.00759674e+02, 3.02539429e+02, 3.91662323e+02,
          3.94880768e+02, 2.77810608e+02, 4.90859375e+02, 1.59290634e+02,
          3.20629944e+02, 4.88193054e+02, 4.11797302e+02, 3.78178192e+02,
          5.06599487e+02, 2.63452667e+02, 6.04863953e+02, 1.44215836e+02,
          3.38236847e+02, 5.81683899e+02, 4.28267181e+02, 4.75254669e+02,
          5.21878357e+02, 3.64348358e+02, 6.18962036e+02, 2.48850021e+02 ]
   -
      - [ 1.03128387e+02, 4.35003693e+02, 1.76272232e+02, 3.15763275e+02,
          2.52910400e+02, 1.91084305e+02, 3.32955231e+02, 6.11238136e+01,
          2.07191330e+02, 4.12640472e+02, 2.83212463e+02, 2.91891571e+02,
          3.62616974e+02, 1.65839554e+02, 4.45335907e+02, 3.46008492e+01,
          2.37406403e+02, 5.06461517e+02, 3.12787231e+02, 3.89689514e+02,
          3.91545197e+02, 2.67549561e+02, 4.73594147e+02, 1.40205185e+02,
          3.41619415e+02, 4.84427948e+02, 4.19718018e+02, 3.66218170e+02,
          5.01086914e+02, 2.42772675e+02, 5.85633362e+02, 1.14223503e+02,
          3.69700653e+02, 5.75993774e+02, 4.47121460e+02, 4.61809113e+02,
          5.27800781e+02, 3.42268616e+02, 6.11640259e+02, 2.17599152e+02 ]
   -
      - [ 2.26822067e+02, 5.65916077e+02, 2.28705002e+02, 4.32978455e+02,
          2.31247253e+02, 2.92758148e+02, 2.34138260e+02, 1.45984238e+02,
          3.03952484e+02, 5.04696533e+02, 3.08024109e+02, 3.67778687e+02,
          3.12468964e+02, 2.24272461e+02, 3.17293640e+02, 7.41195374e+01,
          3.77736053e+02, 5.74380432e+02, 3.83329529e+02, 4.41094513e+02,
          3.89341766e+02, 3.00850708e+02, 3.95730530e+02, 1.54047440e+02,
          4.57102875e+02, 5.12586304e+02, 4.64666992e+02, 3.75688324e+02,
          4.72628235e+02, 2.32225891e+02, 4.80997650e+02, 8.20851822e+01,
          5.29187439e+02, 5.81780090e+02, 5.38399475e+02, 4.48762329e+02,
          5.47897339e+02, 3.08610962e+02, 5.57828918e+02, 1.61897736e+02 ]
   -
      - [ 1.56199081e+02, 5.67977661e+02, 1.60771515e+02, 4.18352905e+02,
          1.65965240e+02, 2.64450165e+02, 1.71744797e+02, 1.06775902e+02,
          2.37656723e+02, 4.98444305e+02, 2.43550842e+02, 3.46462463e+02,
          2.49992813e+02, 1.90488922e+02, 2.56808167e+02, 3.09792652e+01,
          3.13920715e+02, 5.77329041e+02, 3.20551758e+02, 4.27495789e+02,
          3.27700256e+02, 2.73319397e+02, 3.35180206e+02, 1.15523422e+02,
          3.96871246e+02, 5.07407104e+02, 4.04730042e+02, 3.55211884e+02,
          4.12917145e+02, 1.99172852e+02, 4.21386169e+02, 3.95977402e+01,
          4.72371674e+02, 5.85960999e+02, 4.81050598e+02, 4.36090088e+02,
          4.89952118e+02, 2.81878204e+02, 4.99127380e+02, 1.24076187e+02 ]
   -
      - [ 6.85536987e+02, 3.35256538e+01, 6.73985107e+02, 1.89545914e+02,
          6.62549744e+02, 3.39832458e+02, 6.51347595e+02, 4.84173157e+02,
          5.97989441e+02, 1.08643585e+02, 5.87905212e+02, 2.62075562e+02,
          5.78035583e+02, 4.09570740e+02, 5.68462708e+02, 5.51042542e+02,
          5.20418945e+02, 2.60943604e+01, 5.11668365e+02, 1.82538803e+02,
          5.03155029e+02, 3.33188354e+02, 4.94946960e+02, 4.77805847e+02,
          4.33931427e+02, 1.01321236e+02, 4.26752136e+02, 2.55041656e+02,
          4.19914124e+02, 4.02765869e+02, 4.13400879e+02, 5.44467712e+02,
          3.54890778e+02, 1.86237202e+01, 3.48950195e+02, 1.75201080e+02,
          3.43446533e+02, 3.25997192e+02, 3.38300903e+02, 4.70774933e+02 ]
   -
      - [ 6.81472046e+02, 4.07485771e+01, 6.67477844e+02, 1.93299622e+02,
          6.53918030e+02, 3.39252747e+02, 6.40806152e+02, 4.78586426e+02,
          5.93169250e+02, 1.13786522e+02, 5.81094666e+02, 2.63317993e+02,
          5.69435608e+02, 4.06217041e+02, 5.58253296e+02, 5.42481201e+02,
          5.17076782e+02, 3.23108482e+01, 5.06459503e+02, 1.85354919e+02,
          4.96294250e+02, 3.31831268e+02, 4.86587921e+02, 4.71593109e+02,
          4.30106903e+02, 1.05468742e+02, 4.21406403e+02, 2.55425766e+02,
          4.13206146e+02, 3.98729279e+02, 4.05469849e+02, 5.35349548e+02,
          3.52133911e+02, 2.37074642e+01, 3.44893188e+02, 1.77105087e+02,
          3.38164062e+02, 3.23885803e+02, 3.31936554e+02, 4.63967651e+02 ]
   -
      - [ 6.70198059e+02, 6.26938438e+01, 6.54591187e+02, 2.14449387e+02,
          6.39409790e+02, 3.59669128e+02, 6.24731384e+02, 4.98325775e+02,
          5.81155151e+02, 1.34328491e+02, 5.67397400e+02, 2.83092133e+02,
          5.54191406e+02, 4.25254364e+02, 5.41464294e+02, 5.60872009e+02,
          5.05980133e+02, 5.22317657e+01, 4.93687775e+02, 2.04561676e+02,
          4.81919220e+02, 3.50189850e+02, 4.70664764e+02, 4.89309998e+02,
          4.18293396e+02, 1.24068901e+02, 4.07997894e+02, 2.73217407e+02,
          3.98189728e+02, 4.15739990e+02, 3.88870422e+02, 5.51769043e+02,
          3.41238678e+02, 4.16659470e+01, 3.32425018e+02, 1.94323853e+02,
          3.24098816e+02, 3.40290405e+02, 3.16229401e+02, 4.79718689e+02 ]
   -
