%YAML:1.0
cameraMatrix: !!opencv-matrix
   rows: 3
   cols: 3
   dt: d
   data: [ 2.1901953181926337e+03, 0., 4.2665920714335630e+02, 0.,
       2.1469437360988536e+03, 7.6681118605195294e+01, 0., 0., 1. ]
imageSize_width: 800
imageSize_height: 600
sensorSize_width: 0
sensorSize_height: 0
distCoeffs: !!opencv-matrix
   rows: 5
   cols: 1
   dt: d
   data: [ 3.0513669088043836e-02, -5.1437196575746711e+00,
       -6.5809627711669828e-03, -3.7315350344708609e-04,
       4.2233373264398594e+01 ]
reprojectionError: 3.4662777185440063e-01
features:
   -
      - [ 40., 40., 112., 40., 184., 40., 256., 40., 76., 76., 148., 76.,
          220., 76., 292., 76., 40., 112., 112., 112., 184., 112., 256.,
          112., 76., 148., 148., 148., 220., 148., 292., 148., 40., 184.,
          112., 184., 184., 184., 256., 184. ]
   -
      - [ 40., 40., 112., 40., 184., 40., 256., 40., 76., 76., 148., 76.,
          220., 76., 292., 76., 40., 112., 112., 112., 184., 112., 256.,
          112., 76., 148., 148., 148., 220., 148., 292., 148., 40., 184.,
          112., 184., 184., 184., 256., 184. ]
   -
      - [ 40., 40., 112., 40., 184., 40., 256., 40., 76., 76., 148., 76.,
          220., 76., 292., 76., 40., 112., 112., 112., 184., 112., 256.,
          112., 76., 148., 148., 148., 220., 148., 292., 148., 40., 184.,
          112., 184., 184., 184., 256., 184. ]
   -
      - [ 40., 40., 112., 40., 184., 40., 256., 40., 76., 76., 148., 76.,
          220., 76., 292., 76., 40., 112., 112., 112., 184., 112., 256.,
          112., 76., 148., 148., 148., 220., 148., 292., 148., 40., 184.,
          112., 184., 184., 184., 256., 184. ]
   -
      - [ 40., 40., 112., 40., 184., 40., 256., 40., 76., 76., 148., 76.,
          220., 76., 292., 76., 40., 112., 112., 112., 184., 112., 256.,
          112., 76., 148., 148., 148., 220., 148., 292., 148., 40., 184.,
          112., 184., 184., 184., 256., 184. ]
   -
      - [ 6.36926270e+02, 4.88027954e+02, 4.76555328e+02, 4.99656830e+02,
          3.14512909e+02, 5.10587921e+02, 1.51302231e+02, 5.21172119e+02,
          5.54762268e+02, 4.20018799e+02, 3.91694092e+02, 4.31134003e+02,
          2.27339767e+02, 4.41575409e+02, 6.19605408e+01, 4.51813110e+02,
          6.33953796e+02, 3.38734009e+02, 4.70144440e+02, 3.49736298e+02,
          3.04688507e+02, 3.60408020e+02, 1.38291229e+02, 3.70533539e+02,
          5.49689819e+02, 2.66943542e+02, 3.83409149e+02, 2.77445709e+02,
          2.15647095e+02, 2.87854950e+02, 4.75521927e+01, 2.97665497e+02,
          6.30313049e+02, 1.82785934e+02, 4.63156586e+02, 1.93240570e+02,
          2.94660065e+02, 2.03466904e+02, 1.24725456e+02, 2.13468964e+02 ]
   -
      - [ 6.63731262e+02, 4.55992645e+02, 5.06209320e+02, 4.61308624e+02,
          3.47543457e+02, 4.65980072e+02, 1.88471817e+02, 4.69946808e+02,
          5.85838257e+02, 3.87128784e+02, 4.25895844e+02, 3.91915710e+02,
          2.65141144e+02, 3.96162598e+02, 1.04349861e+02, 3.99786377e+02,
          6.66809509e+02, 3.11372192e+02, 5.05815033e+02, 3.16138733e+02,
          3.43627258e+02, 3.20495789e+02, 1.80970032e+02, 3.24402863e+02,
          5.87162109e+02, 2.38796997e+02, 4.23767731e+02, 2.43125137e+02,
          2.59510498e+02, 2.47140305e+02, 9.51611252e+01, 2.50792801e+02,
          6.69797302e+02, 1.60025345e+02, 5.05422089e+02, 1.64195572e+02,
          3.39798553e+02, 1.68175751e+02, 1.73666138e+02, 1.71938843e+02 ]
   -
      - [ 6.90197083e+02, 4.45099426e+02, 5.33220581e+02, 4.57710907e+02,
          3.75741913e+02, 4.69686829e+02, 2.18494110e+02, 4.80960663e+02,
          6.08158386e+02, 3.80014648e+02, 4.49109192e+02, 3.92352020e+02,
          2.89924591e+02, 4.04122833e+02, 1.31362122e+02, 4.15265991e+02,
          6.84476501e+02, 3.00535217e+02, 5.24069092e+02, 3.13112915e+02,
          3.63138519e+02, 3.25255157e+02, 2.02469986e+02, 3.36901062e+02,
          6.00501343e+02, 2.32075485e+02, 4.38034302e+02, 2.44469940e+02,
          2.75441010e+02, 2.56496948e+02, 1.13536667e+02, 2.68116791e+02,
          6.78258911e+02, 1.49368607e+02, 5.14498169e+02, 1.61869614e+02,
          3.50180084e+02, 1.74160324e+02, 1.86180649e+02, 1.86176025e+02 ]
   -
      - [ 7.19224976e+02, 4.30401947e+02, 5.63217285e+02, 4.53572998e+02,
          4.07008484e+02, 4.76092010e+02, 2.51362213e+02, 4.97828064e+02,
          6.31952454e+02, 3.70878540e+02, 4.74070404e+02, 3.93948578e+02,
          3.16382874e+02, 4.16441589e+02, 1.59674210e+02, 4.38192291e+02,
          7.01973022e+02, 2.86263031e+02, 5.42613403e+02, 3.09727997e+02,
          3.83097748e+02, 3.32797729e+02, 2.24169296e+02, 3.55346130e+02,
          6.12523071e+02, 2.23594131e+02, 4.51375854e+02, 2.47078278e+02,
          2.90456177e+02, 2.70234894e+02, 1.30544632e+02, 2.92909973e+02,
          6.83687378e+02, 1.35695892e+02, 5.21099060e+02, 1.59449066e+02,
          3.58394562e+02, 1.83044449e+02, 1.96309296e+02, 2.06364609e+02 ]
   -
      - [ 7.48037598e+02, 4.11245087e+02, 5.91948486e+02, 4.31344513e+02,
          4.34958252e+02, 4.50809479e+02, 2.77891541e+02, 4.69555817e+02,
          6.63455566e+02, 3.49860565e+02, 5.05051178e+02, 3.69687012e+02,
          3.46192963e+02, 3.89033081e+02, 1.87657806e+02, 4.07730621e+02,
          7.36130554e+02, 2.66555695e+02, 5.76509399e+02, 2.86587677e+02,
          4.16108887e+02, 3.06298492e+02, 2.55607010e+02, 3.25652527e+02,
          6.49228821e+02, 2.01719345e+02, 4.87453247e+02, 2.21632599e+02,
          3.25291809e+02, 2.41373779e+02, 1.63343262e+02, 2.60794067e+02,
          7.23115295e+02, 1.15208549e+02, 5.60121216e+02, 1.35238632e+02,
          3.96482361e+02, 1.55189026e+02, 2.32697678e+02, 1.75026993e+02 ]
   -
      - [ 6.44827209e+02, 4.27348785e+02, 4.87055573e+02, 4.39724243e+02,
          3.28736938e+02, 4.51438477e+02, 1.70714142e+02, 4.62363190e+02,
          5.61999634e+02, 3.61458710e+02, 4.02151245e+02, 3.73524872e+02,
          2.42130783e+02, 3.85056793e+02, 8.28646317e+01, 3.95836517e+02,
          6.38263733e+02, 2.81445129e+02, 4.77116730e+02, 2.93658081e+02,
          3.15424988e+02, 3.05569183e+02, 1.53924301e+02, 3.17004150e+02,
          5.53463135e+02, 2.12101456e+02, 3.90366150e+02, 2.24160980e+02,
          2.26999954e+02, 2.36006439e+02, 6.43053970e+01, 2.47394257e+02,
          6.31096497e+02, 1.29023727e+02, 4.66746948e+02, 1.41101273e+02,
          3.01849945e+02, 1.53106415e+02, 1.37011749e+02, 1.64927429e+02 ]
   -
      - [ 6.38961609e+02, 4.37164917e+02, 4.80330444e+02, 4.52543274e+02,
          3.21068817e+02, 4.67194214e+02, 1.62057022e+02, 4.80999878e+02,
          5.55166321e+02, 3.75949677e+02, 3.93792114e+02, 3.91074646e+02,
          2.32200562e+02, 4.05568268e+02, 7.13488846e+01, 4.19247894e+02,
          6.31867126e+02, 2.97033875e+02, 4.68605988e+02, 3.12430542e+02,
          3.04698364e+02, 3.27436493e+02, 1.41000595e+02, 3.41857025e+02,
          5.45373962e+02, 2.31458374e+02, 3.79410187e+02, 2.46743820e+02,
          2.13144119e+02, 2.61722198e+02, 4.76321602e+01, 2.76130157e+02,
          6.24012451e+02, 1.48302994e+02, 4.56166077e+02, 1.63708023e+02,
          2.87653046e+02, 1.78987610e+02, 1.19249626e+02, 1.93989670e+02 ]
   -
      - [ 6.48046448e+02, 4.19491638e+02, 4.95434387e+02, 4.50679077e+02,
          3.37089752e+02, 4.82275543e+02, 1.73599319e+02, 5.14012146e+02,
          5.66885925e+02, 3.62242706e+02, 4.09426178e+02, 3.92713593e+02,
          2.46317276e+02, 4.23622040e+02, 7.82901535e+01, 4.54645172e+02,
          6.38471741e+02, 2.73200653e+02, 4.82191956e+02, 3.02267944e+02,
          3.19860657e+02, 3.32018311e+02, 1.52007950e+02, 3.62213989e+02,
          5.55165222e+02, 2.11277740e+02, 3.93947815e+02, 2.39568268e+02,
          2.26722397e+02, 2.68580017e+02, 5.42080078e+01, 2.98026794e+02,
          6.28172485e+02, 1.20016960e+02, 4.68324097e+02, 1.46630417e+02,
          3.02122253e+02, 1.74132736e+02, 1.30017975e+02, 2.02373856e+02 ]
   -
      - [ 7.49289307e+02, 4.65597870e+02, 5.93568176e+02, 4.74771179e+02,
