%YAML:1.0
cameraMatrix: !!opencv-matrix
   rows: 3
   cols: 3
   dt: d
   data: [ 1.9985065642770153e+03, 0., 4.1480235675157098e+02, 0.,
       1.9726315802199485e+03, -3.9104995567825483e+01, 0., 0., 1. ]
imageSize_width: 800
imageSize_height: 600
sensorSize_width: 0
sensorSize_height: 0
distCoeffs: !!opencv-matrix
   rows: 5
   cols: 1
   dt: d
   data: [ -9.2204507763723631e-02, -2.6161226479905242e-01,
       3.5094381024305191e-03, -4.5590035572899668e-04,
       1.3721860885138799e+00 ]
reprojectionError: 3.4456217288970947e-01
features:
   -
      - [ 180., 100., 270., 100., 360., 100., 450., 100., 225., 145.,
          315., 145., 405., 145., 495., 145., 180., 190., 270., 190.,
          360., 190., 450., 190., 225., 235., 315., 235., 405., 235.,
          495., 235., 180., 280., 270., 280., 360., 280., 450., 280. ]
   -
      - [ 180., 100., 270., 100., 360., 100., 450., 100., 225., 145.,
          315., 145., 405., 145., 495., 145., 180., 190., 270., 190.,
          360., 190., 450., 190., 225., 235., 315., 235., 405., 235.,
          495., 235., 180., 280., 270., 280., 360., 280., 450., 280. ]
   -
      - [ 180., 100., 270., 100., 360., 100., 450., 100., 225., 145.,
          315., 145., 405., 145., 495., 145., 180., 190., 270., 190.,
          360., 190., 450., 190., 225., 235., 315., 235., 405., 235.,
          495., 235., 180., 280., 270., 280., 360., 280., 450., 280. ]
   -
      - [ 180., 100., 270., 100., 360., 100., 450., 100., 225., 145.,
          315., 145., 405., 145., 495., 145., 180., 190., 270., 190.,
          360., 190., 450., 190., 225., 235., 315., 235., 405., 235.,
          495., 235., 180., 280., 270., 280., 360., 280., 450., 280. ]
   -
      - [ 180., 100., 270., 100., 360., 100., 450., 100., 225., 145.,
          315., 145., 405., 145., 495., 145., 180., 190., 270., 190.,
          360., 190., 450., 190., 225., 235., 315., 235., 405., 235.,
          495., 235., 180., 280., 270., 280., 360., 280., 450., 280. ]
   -
      - [ 1.39421295e+02, 2.21613281e+02, 2.93966431e+02, 1.91473053e+02,
          4.51019897e+02, 1.60850891e+02, 6.09748779e+02, 1.29804810e+02,
          2.35226608e+02, 2.78540741e+02, 3.89624603e+02, 2.48949203e+02,
          5.46048218e+02, 2.18785797e+02, 7.03569214e+02, 1.88179733e+02,
          1.78206192e+02, 3.63192535e+02, 3.29958649e+02, 3.34602051e+02,
          4.83899567e+02, 3.05421875e+02, 6.39339355e+02, 2.75637390e+02,
          2.71997711e+02, 4.17881683e+02, 4.23402374e+02, 3.89676849e+02,
          5.76570312e+02, 3.60824615e+02, 7.30811768e+02, 3.31410522e+02,
          2.15703918e+02, 4.98844086e+02, 3.64571991e+02, 4.71616608e+02,
          5.15367432e+02, 4.43715729e+02, 6.67530457e+02, 4.15173584e+02 ]
   -
      - [ 1.34233841e+02, 2.04876083e+02, 2.89495453e+02, 1.75960754e+02,
          4.47232758e+02, 1.46584229e+02, 6.06597473e+02, 1.16726524e+02,
          2.29648697e+02, 2.62894836e+02, 3.84743286e+02, 2.34506500e+02,
          5.41833252e+02, 2.05527908e+02, 6.99935974e+02, 1.76071701e+02,
          1.71456299e+02, 3.47539154e+02, 3.23998871e+02, 3.20028870e+02,
          4.78625458e+02, 2.92000458e+02, 6.34699158e+02, 2.63356842e+02,
          2.64923340e+02, 4.03316925e+02, 4.17081390e+02, 3.76165253e+02,
          5.70926392e+02, 3.48424072e+02, 7.25839722e+02, 3.20160583e+02,
          2.07507278e+02, 4.84344086e+02, 3.57186676e+02, 4.58150635e+02,
          5.08723724e+02, 4.31290802e+02, 6.61596252e+02, 4.03856171e+02 ]
   -
      - [ 1.38837967e+02, 1.00668175e+02, 3.02498383e+02, 1.06793228e+02,
          4.66786163e+02, 1.12873604e+02, 6.30885010e+02, 1.18859673e+02,
          2.19166336e+02, 1.81936981e+02, 3.81958466e+02, 1.88057663e+02,
          5.44973694e+02, 1.93983246e+02, 7.07420288e+02, 1.99692245e+02,
          1.37457214e+02, 2.55733810e+02, 2.98582397e+02, 2.61964996e+02,
          4.60264343e+02, 2.67937805e+02, 6.21781738e+02, 2.73595367e+02,
          2.16765091e+02, 3.34517059e+02, 3.76921814e+02, 3.40607971e+02,
          5.37269531e+02, 3.46320312e+02, 6.97124512e+02, 3.51638214e+02,
          1.36583038e+02, 4.05652435e+02, 2.95064392e+02, 4.11923096e+02,
          4.54040588e+02, 4.17764221e+02, 6.12873901e+02, 4.23139496e+02 ]
   -
      - [ 1.51063080e+02, 1.11705544e+02, 3.23102722e+02, 1.06217087e+02,
          4.96305115e+02, 1.00674355e+02, 6.69765015e+02, 9.51060181e+01,
          2.43110840e+02, 1.85021591e+02, 4.13120575e+02, 1.79754974e+02,
          5.83810059e+02, 1.74320908e+02, 7.54316528e+02, 1.68748260e+02,
          1.66085052e+02, 2.61050537e+02, 3.32769989e+02, 2.56169495e+02,
          5.00512726e+02, 2.50996140e+02, 6.68494324e+02, 2.45553909e+02,
          2.55276901e+02, 3.29894775e+02, 4.19931274e+02, 3.25087524e+02,
          5.85206543e+02, 3.19896698e+02, 7.50324646e+02, 3.14350433e+02,
          1.80633728e+02, 4.00940582e+02, 3.42096802e+02, 3.96578125e+02,
          5.04516815e+02, 3.91739532e+02, 6.67160828e+02, 3.86440308e+02 ]
   -
      - [ 1.59245300e+02, 9.45735779e+01, 3.22506195e+02, 7.27104111e+01,
          4.87523682e+02, 5.06923447e+01, 6.53329102e+02, 2.86463509e+01,
          2.52725601e+02, 1.63861847e+02, 4.16428741e+02, 1.42351654e+02,
          5.81382751e+02, 1.20588089e+02, 7.46639954e+02, 9.87119370e+01,
          1.84021942e+02, 2.53781784e+02, 3.46184479e+02, 2.32924561e+02,
          5.09992218e+02, 2.11641449e+02, 6.74547974e+02, 1.90026321e+02,
          2.76948120e+02, 3.22221863e+02, 4.39359436e+02, 3.01567871e+02,
          6.02938354e+02, 2.80406250e+02, 7.66834167e+02, 2.58865509e+02,
          2.08835083e+02, 4.10102509e+02, 3.69654205e+02, 3.90191986e+02,
          5.32000610e+02, 3.69635864e+02, 6.95069397e+02, 3.48519684e+02 ]
   -
      - [ 4.21620598e+01, 2.36060013e+02, 1.99175858e+02, 2.04510086e+02,
          3.58546051e+02, 1.72287796e+02, 5.19572083e+02, 1.39594345e+02,
          1.38163757e+02, 2.97965118e+02, 2.96076660e+02, 2.66640350e+02,
          4.55971252e+02, 2.34629211e+02, 6.17230896e+02, 2.02114746e+02,
          7.81759872e+01, 3.90035034e+02, 2.34471237e+02, 3.59718567e+02,
          3.93030640e+02, 3.28572937e+02, 5.53237610e+02, 2.96719238e+02,
          1.73838791e+02, 4.51361908e+02, 3.30882568e+02, 4.21193420e+02,
          4.89851929e+02, 3.90167786e+02, 6.50125183e+02, 3.58383362e+02,
          1.14014557e+02, 5.41852722e+02, 2.69634460e+02, 5.12377258e+02,
          4.27197845e+02, 4.82264740e+02, 5.86333740e+02, 4.51277191e+02 ]
   -
      - [ 1.06027321e+02, 6.21045952e+01, 2.68142670e+02, 8.23696899e+01,
          4.30137695e+02, 1.02480865e+02, 5.91455811e+02, 1.22388504e+02,
          1.79006104e+02, 1.48173889e+02, 3.39553680e+02, 1.68116074e+02,
          4.99719421e+02, 1.87793182e+02, 6.58945984e+02, 2.07122879e+02,
          9.17712402e+01, 2.12562317e+02, 2.50655441e+02, 2.32436386e+02,
          4.09494019e+02, 2.51961411e+02, 5.67697571e+02, 2.71089020e+02,
          1.63580124e+02, 2.95329529e+02, 3.20894501e+02, 3.14796936e+02,
          4.77890686e+02, 3.33795837e+02, 6.33982117e+02, 3.52250031e+02,
          7.84429321e+01, 3.56720642e+02, 2.34046204e+02, 3.76200195e+02,
          3.89647400e+02, 3.95155182e+02, 5.44662781e+02, 4.13516663e+02 ]
   -
      - [ 6.72378311e+01, 1.20203224e+02, 2.27827866e+02, 1.13380623e+02,
          3.89614502e+02, 1.06338943e+02, 5.51993774e+02, 9.91338806e+01,
          1.53984650e+02, 1.92025452e+02, 3.13663452e+02, 1.85384415e+02,
          4.74208832e+02, 1.78462967e+02, 6.35054138e+02, 1.71295471e+02,
          8.20534515e+01, 2.68669586e+02, 2.39460800e+02, 2.62538971e+02,
          3.98031342e+02, 2.56001129e+02, 5.57168274e+02, 2.49109833e+02,
          1.67098083e+02, 3.37704102e+02, 3.23541412e+02, 3.31653778e+02,
          4.80828125e+02, 3.25133026e+02, 6.38374451e+02, 3.18168213e+02,
          9.66198578e+01, 4.10848297e+02, 2.50822556e+02, 4.05335266e+02,
          4.06116333e+02, 3.99279022e+02, 5.61944397e+02, 3.92680786e+02 ]
   -
