%YAML:1.0
cameraMatrix: !!opencv-matrix
   rows: 3
   cols: 3
   dt: d
   data: [ 2.0316573758242157e+03, 0., 4.2009700960135831e+02, 0.,
       2.0109706535270568e+03, -4.1706323400519878e+01, 0., 0., 1. ]
imageSize_width: 800
imageSize_height: 600
sensorSize_width: 0
sensorSize_height: 0
distCoeffs: !!opencv-matrix
   rows: 5
   cols: 1
   dt: d
   data: [ -6.4740255520453899e-02, -4.4904190303838970e-01,
       1.0319466153943999e-03, 9.3697957865878799e-04,
       2.0107297065647454e+00 ]
reprojectionError: 3.5169455409049988e-01
features:
   -
      - [ 180., 100., 270., 100., 360., 100., 450., 100., 225., 145.,
          315., 145., 405., 145., 495., 145., 180., 190., 270., 190.,
          360., 190., 450., 190., 225., 235., 315., 235., 405., 235.,
          495., 235., 180., 280., 270., 280., 360., 280., 450., 280. ]
   -
      - [ 180., 100., 270., 100., 360., 100., 450., 100., 225., 145.,
          315., 145., 405., 145., 495., 145., 180., 190., 270., 190.,
          360., 190., 450., 190., 225., 235., 315., 235., 405., 235.,
          495., 235., 180., 280., 270., 280., 360., 280., 450., 280. ]
   -
      - [ 180., 100., 270., 100., 360., 100., 450., 100., 225., 145.,
          315., 145., 405., 145., 495., 145., 180., 190., 270., 190.,
          360., 190., 450., 190., 225., 235., 315., 235., 405., 235.,
          495., 235., 180., 280., 270., 280., 360., 280., 450., 280. ]
   -
      - [ 180., 100., 270., 100., 360., 100., 450., 100., 225., 145.,
          315., 145., 405., 145., 495., 145., 180., 190., 270., 190.,
          360., 190., 450., 190., 225., 235., 315., 235., 405., 235.,
          495., 235., 180., 280., 270., 280., 360., 280., 450., 280. ]
   -
      - [ 180., 100., 270., 100., 360., 100., 450., 100., 225., 145.,
          315., 145., 405., 145., 495., 145., 180., 190., 270., 190.,
          360., 190., 450., 190., 225., 235., 315., 235., 405., 235.,
          495., 235., 180., 280., 270., 280., 360., 280., 450., 280. ]
   -
      - [ 9.05511703e+01, 1.04323082e+02, 2.52201630e+02, 1.01193657e+02,
          4.14910553e+02, 9.81526566e+01, 5.77938843e+02, 9.51649780e+01,
          1.75472305e+02, 1.78552185e+02, 3.36135590e+02, 1.75665192e+02,
          4.97475342e+02, 1.72733444e+02, 6.58698853e+02, 1.69744598e+02,
          1.00700096e+02, 2.54120178e+02, 2.59150513e+02, 2.51495987e+02,
          4.18600433e+02, 2.48713547e+02, 5.78322021e+02, 2.45774826e+02,
          1.84033905e+02, 3.25561554e+02, 3.41433350e+02, 3.23032806e+02,
          4.99445038e+02, 3.20243774e+02, 6.57371521e+02, 3.17221375e+02,
          1.11221809e+02, 3.97371674e+02, 2.66075378e+02, 3.95568420e+02,
          4.22187347e+02, 3.93055573e+02, 5.78560974e+02, 3.90164459e+02 ]
   -
      - [ 2.58957481e+01, 1.76689651e+02, 1.74388641e+02, 1.30698349e+02,
          3.26395935e+02, 8.38137360e+01, 4.81060059e+02, 3.63073730e+01,
          1.27464218e+02, 2.24436081e+02, 2.76733643e+02, 1.79029770e+02,
          4.28910339e+02, 1.32807190e+02, 5.83416199e+02, 8.59868774e+01,
          8.22785339e+01, 3.15371338e+02, 2.28570328e+02, 2.71675537e+02,
          3.78169830e+02, 2.26847977e+02, 5.30282593e+02, 1.81257126e+02,
          1.82017258e+02, 3.61583313e+02, 3.28874023e+02, 3.18349335e+02,
          4.78523834e+02, 2.74089294e+02, 6.30372192e+02, 2.29088959e+02,
          1.37286423e+02, 4.48431000e+02, 2.81102386e+02, 4.07146973e+02,
          4.28167114e+02, 3.64395233e+02, 5.77646851e+02, 3.20671753e+02 ]
   -
      - [ 2.46843834e+01, 2.36839661e+02, 1.62180954e+02, 1.70714874e+02,
          3.03618286e+02, 1.02827934e+02, 4.48577576e+02, 3.33681526e+01,
          1.31726852e+02, 2.69500977e+02, 2.70612671e+02, 2.03856430e+02,
          4.13086792e+02, 1.36531738e+02, 5.58596375e+02, 6.76908340e+01,
          1.02429527e+02, 3.65157898e+02, 2.38632385e+02, 3.01907867e+02,
          3.78586792e+02, 2.36752060e+02, 5.21741882e+02, 1.69946487e+02,
          2.07704544e+02, 3.96917908e+02, 3.45096771e+02, 3.34007172e+02,
          4.85813141e+02, 2.69299713e+02, 6.29270874e+02, 2.03009521e+02,
          1.78092102e+02, 4.88352814e+02, 3.12629974e+02, 4.28255371e+02,
          4.50865234e+02, 3.65722565e+02, 5.92017822e+02, 3.01451080e+02 ]
   -
      - [ 5.61579018e+01, 4.25447083e+02, 1.33771774e+02, 3.07968384e+02,
          2.14930725e+02, 1.85361603e+02, 2.99740448e+02, 5.76455650e+01,
          1.61549118e+02, 4.05848694e+02, 2.41914017e+02, 2.87246490e+02,
          3.25899048e+02, 1.63390259e+02, 4.13234528e+02, 3.46862793e+01,
          1.88583206e+02, 5.00709229e+02, 2.68249268e+02, 3.85949585e+02,
          3.51389221e+02, 2.66100433e+02, 4.37917999e+02, 1.41161560e+02,
          2.93864532e+02, 4.81441864e+02, 3.76176086e+02, 3.65597351e+02,
          4.61869171e+02, 2.44596146e+02, 5.50660522e+02, 1.18754906e+02,
          3.18665405e+02, 5.74032837e+02, 4.00216431e+02, 4.61785522e+02,
          4.85051453e+02, 3.44802521e+02, 5.73026367e+02, 2.22809158e+02 ]
   -
      - [ 1.22328445e+02, 4.82700165e+02, 1.58598511e+02, 3.50945618e+02,
          1.97032639e+02, 2.12427963e+02, 2.37469269e+02, 6.75214081e+01,
          2.15045685e+02, 4.37771942e+02, 2.54131058e+02, 3.03200653e+02,
          2.95198883e+02, 1.62150055e+02, 3.38208435e+02, 1.48139019e+01,
          2.70159180e+02, 5.21960266e+02, 3.09876038e+02, 3.91490417e+02,
          3.51591522e+02, 2.54376038e+02, 3.95218018e+02, 1.10899544e+02,
          3.64194214e+02, 4.77178131e+02, 4.06547577e+02, 3.44078827e+02,
          4.50798950e+02, 2.04552032e+02, 4.96869171e+02, 5.87768211e+01,
          4.17019714e+02, 5.60038635e+02, 4.59999420e+02, 4.31169586e+02,
          5.04862671e+02, 2.95641815e+02, 5.51534485e+02, 1.53815018e+02 ]
   -
      - [ 6.34889282e+02, 5.43852478e+02, 4.84062744e+02, 5.29647339e+02,
          3.32411469e+02, 5.15142334e+02, 1.80355927e+02, 5.00068542e+02,
          5.69453491e+02, 4.70383881e+02, 4.16464417e+02, 4.55988953e+02,
          2.62716461e+02, 4.40878723e+02, 1.08960213e+02, 4.25175629e+02,
          6.56431946e+02, 4.09701996e+02, 5.02346069e+02, 3.95304657e+02,
          3.47033691e+02, 3.80228149e+02, 1.91338409e+02, 3.64545929e+02,
          5.89907898e+02, 3.33065979e+02, 4.33294922e+02, 3.17887726e+02,
          2.75853912e+02, 3.02231293e+02, 1.18417450e+02, 2.86144562e+02,
          6.78965332e+02, 2.69393127e+02, 5.21312927e+02, 2.54009430e+02,
          3.62419189e+02, 2.38203201e+02, 2.03046829e+02, 2.22159210e+02 ]
   -
      - [ 6.43835388e+02, 5.39122803e+02, 4.92411316e+02, 5.30630371e+02,
          3.40359467e+02, 5.21299561e+02, 1.88468674e+02, 5.11177643e+02,
          5.74998169e+02, 4.68856415e+02, 4.21275574e+02, 4.59683197e+02,
          2.67301605e+02, 4.49843597e+02, 1.13874794e+02, 4.39343475e+02,
          6.59305969e+02, 4.05381256e+02, 5.04141266e+02, 3.96244720e+02,
          3.48332520e+02, 3.86546844e+02, 1.92632965e+02, 3.76340179e+02,
          5.88812622e+02, 3.31124542e+02, 4.31396393e+02, 3.21435455e+02,
          2.73698181e+02, 3.11367371e+02, 1.16472893e+02, 3.00915466e+02,
          6.75156738e+02, 2.64448090e+02, 5.16342834e+02, 2.54663620e+02,
          3.56886292e+02, 2.44589706e+02, 1.97477753e+02, 2.34278076e+02 ]
   -
      - [ 7.80475037e+02, 3.88136078e+02, 6.40630310e+02, 4.52807068e+02,
          5.02950714e+02, 5.15678040e+02, 3.68061829e+02, 5.76468689e+02,
          6.76980225e+02, 3.59018433e+02, 5.36939636e+02, 4.24049286e+02,
          3.99502472e+02, 4.87233154e+02, 2.65268402e+02, 5.48243591e+02,
          7.14229858e+02, 2.62168640e+02, 5.71909424e+02, 3.29222504e+02,
          4.32016052e+02, 3.94655701e+02, 2.95124512e+02, 4.58166351e+02,
          6.07827759e+02, 2.31332428e+02, 4.65560425e+02, 2.98867767e+02,
          3.26110931e+02, 3.64724274e+02, 1.90069397e+02, 4.28547363e+02,
          6.44670044e+02, 1.30495895e+02, 5.00098175e+02, 2.00011963e+02,
          3.58183289e+02, 2.68054840e+02, 2.19462662e+02, 3.34327393e+02 ]
   -
