<?xml version="1.0"?>
<opencv_storage>
<cameraMatrix type_id="opencv-matrix">
  <rows>3</rows>
  <cols>3</cols>
  <dt>d</dt>
  <data>
    2.2174430993395085e+03 0. 4.2752322899980362e+02 0.
    2.1822370806650533e+03 1.8475881914152393e+02 0. 0. 1.</data></cameraMatrix>
<imageSize_width>800</imageSize_width>
<imageSize_height>600</imageSize_height>
<sensorSize_width>0</sensorSize_width>
<sensorSize_height>0</sensorSize_height>
<distCoeffs type_id="opencv-matrix">
  <rows>5</rows>
  <cols>1</cols>
  <dt>d</dt>
  <data>
    -1.3804431114147567e-01 -3.0198415806833196e+00
    -6.2323813704201324e-03 3.2039985861556253e-03
    6.1600111620476511e+01</data></distCoeffs>
<reprojectionError>3.6127096414566040e-01</reprojectionError>
<features>
  <_><_>
      140. 50. 200. 50. 260. 50. 320. 50. 170. 80. 230. 80. 290. 80.
      350. 80. 140. 110. 200. 110. 260. 110. 320. 110. 170. 140. 230.
      140. 290. 140. 350. 140. 140. 170. 200. 170. 260. 170. 320. 170.</_></_>
  <_><_>
      140. 50. 200. 50. 260. 50. 320. 50. 170. 80. 230. 80. 290. 80.
      350. 80. 140. 110. 200. 110. 260. 110. 320. 110. 170. 140. 230.
      140. 290. 140. 350. 140. 140. 170. 200. 170. 260. 170. 320. 170.</_></_>
  <_><_>
      140. 50. 200. 50. 260. 50. 320. 50. 170. 80. 230. 80. 290. 80.
      350. 80. 140. 110. 200. 110. 260. 110. 320. 110. 170. 140. 230.
      140. 290. 140. 350. 140. 140. 170. 200. 170. 260. 170. 320. 170.</_></_>
  <_><_>
      140. 50. 200. 50. 260. 50. 320. 50. 170. 80. 230. 80. 290. 80.
      350. 80. 140. 110. 200. 110. 260. 110. 320. 110. 170. 140. 230.
      140. 290. 140. 350. 140. 140. 170. 200. 170. 260. 170. 320. 170.</_></_>
  <_><_>
      140. 50. 200. 50. 260. 50. 320. 50. 170. 80. 230. 80. 290. 80.
      350. 80. 140. 110. 200. 110. 260. 110. 320. 110. 170. 140. 230.
      140. 290. 140. 350. 140. 140. 170. 200. 170. 260. 170. 320. 170.</_></_>
  <_><_>
      1.03385765e+02 4.98179436e+01 2.66236969e+02 5.05156403e+01
      4.29840149e+02 5.25654297e+01 5.88214478e+02 5.65860519e+01
      1.85252838e+02 1.27739510e+02 3.47563141e+02 1.29134949e+02
      5.08362244e+02 1.31243576e+02 6.60528931e+02 1.34023285e+02
      1.06881676e+02 2.03217911e+02 2.66648407e+02 2.04931320e+02
      4.27042023e+02 2.06424423e+02 5.82591919e+02 2.07384583e+02
      1.88030502e+02 2.78467987e+02 3.46345642e+02 2.80200226e+02
      5.02995331e+02 2.80614655e+02 6.51783325e+02 2.79592865e+02
      1.12941200e+02 3.48761627e+02 2.67749359e+02 3.51355255e+02
      4.23243408e+02 3.52054932e+02 5.74132324e+02 3.50544250e+02</_></_>
  <_><_>
      1.03018341e+02 5.56876869e+01 2.66195190e+02 5.45934830e+01
      4.29998718e+02 5.36173553e+01 5.92816162e+02 5.27604980e+01
      1.86695786e+02 1.33063416e+02 3.48740326e+02 1.32011078e+02
      5.10586792e+02 1.30831879e+02 6.70828979e+02 1.29574509e+02
      1.09300896e+02 2.09781952e+02 2.69191528e+02 2.08889175e+02
      4.29612610e+02 2.07641006e+02 5.89133240e+02 2.06078537e+02
      1.91678528e+02 2.83934631e+02 3.50190582e+02 2.82877838e+02
      5.08553467e+02 2.81251343e+02 6.65374329e+02 2.79090332e+02
      1.15847679e+02 3.57388367e+02 2.72637146e+02 3.56239777e+02
      4.29391144e+02 3.54786743e+02 5.85316528e+02 3.52584961e+02</_></_>
  <_><_>
      7.25627213e+01 8.22680283e+01 2.33673340e+02 6.61848221e+01
      3.96187714e+02 5.00855904e+01 5.58840637e+02 3.40751801e+01
      1.63281097e+02 1.51367844e+02 3.23620605e+02 1.35586746e+02
      4.84705872e+02 1.19646278e+02 6.45435669e+02 1.03700317e+02
      9.48176346e+01 2.34513382e+02 2.52803665e+02 2.19229568e+02
      4.12009979e+02 2.03579681e+02 5.71358154e+02 1.87690659e+02
      1.83949860e+02 3.00759491e+02 3.40927948e+02 2.85641998e+02
      4.98615784e+02 2.70017395e+02 6.55919006e+02 2.54027893e+02
      1.16489021e+02 3.80620972e+02 2.71681213e+02 3.65566559e+02
      4.27382660e+02 3.50432770e+02 5.83226624e+02 3.34696747e+02</_></_>
  <_><_>
      7.78334961e+01 9.81063385e+01 2.38702927e+02 8.11075439e+01
      4.00720215e+02 6.40726013e+01 5.62871033e+02 4.72257957e+01
      1.68851715e+02 1.66288940e+02 3.28716583e+02 1.49674362e+02
      4.89426453e+02 1.32888718e+02 6.49353882e+02 1.16073814e+02
      1.00728668e+02 2.49465302e+02 2.58487488e+02 2.33282791e+02
      4.17231079e+02 2.16889053e+02 5.76014587e+02 2.00111420e+02
      1.89980759e+02 3.14869202e+02 3.46646942e+02 2.98869934e+02
      5.03816559e+02 2.82450195e+02 6.60396912e+02 2.65646851e+02
      1.23309456e+02 3.94326935e+02 2.77751434e+02 3.78876160e+02
      4.33048492e+02 3.62860687e+02 5.88291931e+02 3.46363617e+02</_></_>
  <_><_>
      7.45177994e+01 2.37795486e+02 2.12497437e+02 1.65949387e+02
      3.54122772e+02 9.23782272e+01 4.98578674e+02 1.74601460e+01
      1.83014709e+02 2.68068237e+02 3.22086731e+02 1.96704330e+02
      4.64229523e+02 1.23729889e+02 6.08705505e+02 4.95032310e+01
      1.54693726e+02 3.66951324e+02 2.91070160e+02 2.97977509e+02
      4.30815521e+02 2.27086151e+02 5.73130371e+02 1.54695969e+02
      2.61156372e+02 3.96046814e+02 3.98371674e+02 3.27424072e+02
      5.38397827e+02 2.57029816e+02 6.80515625e+02 1.85225677e+02
      2.32352051e+02 4.90802826e+02 3.66941986e+02 4.24606049e+02
      5.04590912e+02 3.56367218e+02 6.44571777e+02 2.86455902e+02</_></_>
  <_><_>
      1.58458130e+02 5.02454132e+02 1.97460648e+02 3.67676270e+02
      2.38477310e+02 2.26679276e+02 2.81714874e+02 7.94085922e+01
      2.52473160e+02 4.55698639e+02 2.93956696e+02 3.18740540e+02
      3.37562744e+02 1.75446533e+02 3.83335968e+02 2.60507450e+01
      3.06102264e+02 5.41072021e+02 3.48090271e+02 4.08079620e+02
      3.92122803e+02 2.68893738e+02 4.38255463e+02 1.23408188e+02
      4.00776093e+02 4.94673096e+02 4.45252319e+02 3.59558258e+02
      4.91779175e+02 2.18180115e+02 5.40218567e+02 7.07417984e+01
      4.51981506e+02 5.78602356e+02 4.96866913e+02 4.47393799e+02
      5.43777649e+02 3.10146759e+02 5.92598938e+02 1.66744293e+02</_></_>
  <_><_>
      2.16954697e+02 5.44304626e+02 2.22372665e+02 4.06459778e+02
      2.28248367e+02 2.61784943e+02 2.34740982e+02 1.10155373e+02
      2.96520508e+02 4.80558533e+02 3.03957184e+02 3.39544220e+02
      3.11918762e+02 1.91545868e+02 3.20517700e+02 3.66608582e+01
      3.68934723e+02 5.52621155e+02 3.77957336e+02 4.15230408e+02
      3.87479858e+02 2.70989868e+02 3.97543610e+02 1.19709549e+02
      4.50120331e+02 4.88811646e+02 4.61216980e+02 3.48308990e+02
      4.72829895e+02 2.00831161e+02 4.84890961e+02 4.64739227e+01
      5.20397461e+02 5.60316833e+02 5.33009705e+02 4.23453491e+02
      5.46168884e+02 2.79811707e+02 5.59766052e+02 1.29230011e+02</_></_>
  <_><_>
      1.06229248e+02 2.12707962e+02 2.62905060e+02 1.89271881e+02
      4.21175934e+02 1.65494690e+02 5.80111694e+02 1.41520477e+02
      1.98644592e+02 2.74868256e+02 3.54695709e+02 2.51748062e+02
      5.11782806e+02 2.28243607e+02 6.69093201e+02 2.04476349e+02
      1.36291809e+02 3.58117706e+02 2.89848206e+02 3.35870422e+02
      4.44906555e+02 3.12983490e+02 6.00561096e+02 2.89655457e+02
      2.26800720e+02 4.17644226e+02 3.79582672e+02 3.95586182e+02
      5.33367981e+02 3.72845398e+02 6.87252014e+02 3.49552216e+02
      1.65530884e+02 4.97101898e+02 3.15948303e+02 4.75847382e+02
      4.67644653e+02 4.53877319e+02 6.19857056e+02 4.31160278e+02</_></_>
  <_><_>
      6.38905884e+02 5.74547546e+02 4.87980713e+02 5.72104553e+02
      3.36029938e+02 5.68877686e+02 1.83781143e+02 5.64893372e+02
      5.68132507e+02 5.05499115e+02 4.14855530e+02 5.02391113e+02
      2.60897980e+02 4.98662231e+02 1.06966942e+02 4.94300232e+02
      6.49718994e+02 4.37325592e+02 4.95334320e+02 4.34257904e+02
      3.39879364e+02 4.30644135e+02 1.84090256e+02 4.26478058e+02
      5.77346558e+02 3.64545715e+02 4.20610901e+02 3.60983978e+02
      2.63130920e+02 3.56905365e+02 1.05718918e+02 3.52404999e+02
      6.60722900e+02 2.93342499e+02 5.02992828e+02 2.89697205e+02
      3.44008484e+02 2.85660461e+02 1.84747406e+02 2.81227997e+02</_></_>
  <_><_>
