%YAML:1.0
Rotation_Vector: !!opencv-matrix
   rows: 3
   cols: 1
   dt: d
   data: [ -1.4028545526234870e-02, 1.0484017581905588e-02,
       3.1393492423361220e+00 ]
Translation_Vector: !!opencv-matrix
   rows: 3
   cols: 1
   dt: d
   data: [ -1.3514116480080631e+00, -7.3806010659318244e-01,
       1.1057892097161931e+01 ]
