%YAML:1.0
Rotation_Vector: !!opencv-matrix
   rows: 3
   cols: 1
   dt: d
   data: [ -3.7000226013580502e-02, 6.4604817794191340e-03,
       -3.1401490610164577e+00 ]
Translation_Vector: !!opencv-matrix
   rows: 3
   cols: 1
   dt: d
   data: [ -2.4518165480568537e+00, -4.5343779094800862e-01,
       1.1697172677749654e+01 ]
