%YAML:1.0
Rotation_Vector: !!opencv-matrix
   rows: 3
   cols: 1
   dt: d
   data: [ 3.1414264813905191e-02, 2.7225257130419783e-01,
       3.0201619649756708e+00 ]
Translation_Vector: !!opencv-matrix
   rows: 3
   cols: 1
   dt: d
   data: [ -3.1237734365560330e+00, -8.6256956769592641e-01,
       3.8451231927902683e+00 ]
