%YAML:1.0
Rotation_Vector: !!opencv-matrix
   rows: 3
   cols: 1
   dt: d
   data: [ 6.2163219041552906e-02, 2.5516616842455020e-01,
       3.0292869684778254e+00 ]
Translation_Vector: !!opencv-matrix
   rows: 3
   cols: 1
   dt: d
   data: [ -4.1455347210445899e+00, 1.1848884340773493e-01,
       4.7433781902589125e+00 ]
