<?xml version="1.0"?>
<opencv_storage>
<Rotation_Vector type_id="opencv-matrix">
  <rows>3</rows>
  <cols>1</cols>
  <dt>d</dt>
  <data>
    4.0599157658822098e-02 2.1839586535069369e-01 3.0930617105676839e+00</data></Rotation_Vector>
<Translation_Vector type_id="opencv-matrix">
  <rows>3</rows>
  <cols>1</cols>
  <dt>d</dt>
  <data>
    -3.4283724890187912e+00 -4.0041366940977658e+00
    1.2895077891594307e+01</data></Translation_Vector>
</opencv_storage>
