%YAML:1.0
Rotation_Vector: !!opencv-matrix
   rows: 3
   cols: 1
   dt: d
   data: [ 5.4947887727205685e-02, 9.9197325629837393e-02,
       3.0403437006920897e+00 ]
Translation_Vector: !!opencv-matrix
   rows: 3
   cols: 1
   dt: d
   data: [ -5.1652080073218736e+00, -1.9829896445084683e+00,
       3.3195006332935769e+01 ]
