%YAML:1.0
cameraMatrix: !!opencv-matrix
   rows: 3
   cols: 3
   dt: d
   data: [ 7.9389630615062038e+02, 0., 4.0335859150140834e+02, 0.,
       7.9296945428187587e+02, 2.9461624074657738e+02, 0., 0., 1. ]
imageSize_width: 800
imageSize_height: 600
sensorSize_width: 0
sensorSize_height: 0
distCoeffs: !!opencv-matrix
   rows: 5
   cols: 1
   dt: d
   data: [ 5.1757947543659422e-02, -1.3855330676510333e-02,
       -2.8864079121479367e-03, 1.5288541566396904e-03,
       -1.3371297490254779e+00 ]
reprojectionError: 1.2407521903514862e-01
features:
   - [ [ 3.26096039e+02, 1.26713715e+02, 3.61685028e+02, 1.34815475e+02,
       3.96713348e+02, 1.42612930e+02, 4.31241730e+02, 1.50274002e+02,
       4.65151245e+02, 1.57678192e+02, 4.98472961e+02, 1.64913452e+02,
       5.31378174e+02, 1.72134354e+02, 5.63551819e+02, 1.79171814e+02,
       3.20369781e+02, 1.60546249e+02, 3.56432068e+02, 1.68449661e+02,
       3.91779175e+02, 1.75918533e+02, 4.26703827e+02, 1.83349289e+02,
       4.60989716e+02, 1.90583923e+02, 4.94718231e+02, 1.97645782e+02,
       5.27983398e+02, 2.04627594e+02, 5.60497009e+02, 2.11521957e+02,
       3.14505188e+02, 1.95005737e+02, 3.51070831e+02, 2.02567383e+02,
       3.86797577e+02, 2.09803101e+02, 4.22321960e+02, 2.16861679e+02,
       4.56866760e+02, 2.24071930e+02, 4.90986816e+02, 2.30986435e+02,
       5.24661926e+02, 2.37666473e+02, 5.57498230e+02, 2.44491501e+02,
       3.08540192e+02, 2.30105652e+02, 3.45520386e+02, 2.37392532e+02,
       3.81733917e+02, 2.44448044e+02, 4.17587830e+02, 2.51319672e+02,
       4.52875580e+02, 2.58021484e+02, 4.87203094e+02, 2.64910797e+02,
       5.21235901e+02, 2.71552612e+02, 5.54479492e+02, 2.78100891e+02,
       3.02489014e+02, 2.65918488e+02, 3.39826660e+02, 2.72983704e+02,
       3.76553711e+02, 2.79745514e+02, 4.12793304e+02, 2.86513672e+02,
       4.48462280e+02, 2.93222839e+02, 4.83424225e+02, 2.99596375e+02,
       5.17695312e+02, 3.06124969e+02, 5.51332825e+02, 3.12438141e+02 ] ]
   - [ [ 4.30804779e+02, 9.43088074e+01, 4.47927155e+02, 1.20736809e+02,
       4.65363922e+02, 1.47560181e+02, 4.83176971e+02, 1.74845581e+02,
       5.01363068e+02, 2.02706650e+02, 5.19906982e+02, 2.30993622e+02,
       5.39103821e+02, 2.59933319e+02, 5.58525818e+02, 2.89316101e+02,
       4.03363678e+02, 1.14176964e+02, 4.20123932e+02, 1.40637650e+02,
       4.37133789e+02, 1.67388504e+02, 4.54440521e+02, 1.94620743e+02,
       4.72271210e+02, 2.22388672e+02, 4.90350342e+02, 2.50592972e+02,
       5.08972961e+02, 2.79428070e+02, 5.27856750e+02, 3.08790009e+02,
       3.76460938e+02, 1.33800201e+02, 3.92754120e+02, 1.60198318e+02,
       4.09356689e+02, 1.86773163e+02, 4.26254272e+02, 2.13851929e+02,
       4.43642487e+02, 2.41647247e+02, 4.61403168e+02, 2.69794220e+02,
       4.79498749e+02, 2.98617615e+02, 4.97971100e+02, 3.27842468e+02,
       3.49921936e+02, 1.52872040e+02, 3.65960327e+02, 1.79257797e+02,
       3.82222198e+02, 2.05792862e+02, 3.98633118e+02, 2.32901337e+02,
       4.15548737e+02, 2.60498474e+02, 4.32936768e+02, 2.88681152e+02,
       4.50662872e+02, 3.17479034e+02, 4.68647736e+02, 3.46607910e+02,
       3.23948303e+02, 1.71793411e+02, 3.39591034e+02, 1.97950439e+02,
       3.55410980e+02, 2.24516953e+02, 3.71531769e+02, 2.51610596e+02,
       3.88200653e+02, 2.79230377e+02, 4.05029022e+02, 3.07368195e+02,
       4.22342896e+02, 3.36053986e+02, 4.39947449e+02, 3.65223358e+02 ] ]
   - [ [ 4.52135315e+02, 1.60474396e+02, 4.62030823e+02, 1.92335815e+02,
       4.72104889e+02, 2.24347427e+02, 4.82353271e+02, 2.56617737e+02,
       4.92651306e+02, 2.89436157e+02, 5.03236328e+02, 3.22521057e+02,
       5.13824463e+02, 3.56213013e+02, 5.24677124e+02, 3.90082825e+02,
       4.19518311e+02, 1.71194244e+02, 4.29224152e+02, 2.02853455e+02,
       4.39101807e+02, 2.34655823e+02, 4.49024231e+02, 2.67064667e+02,
       4.59275452e+02, 2.99679077e+02, 4.69493347e+02, 3.32716309e+02,
       4.79878082e+02, 3.66344238e+02, 4.90373505e+02, 4.00132385e+02,
       3.87283783e+02, 1.81631622e+02, 3.96777588e+02, 2.13324478e+02,
       4.06412231e+02, 2.45039932e+02, 4.16211823e+02, 2.77265167e+02,
       4.26106537e+02, 3.09874542e+02, 4.36063507e+02, 3.42840240e+02,
       4.46224640e+02, 3.76398254e+02, 4.56466614e+02, 4.10163544e+02,
       3.55280090e+02, 1.92071854e+02, 3.64546661e+02, 2.23536575e+02,
       3.74058441e+02, 2.55286942e+02, 3.83471161e+02, 2.87472229e+02,
       3.93172180e+02, 3.20050476e+02, 4.02850220e+02, 3.53031830e+02,
       4.12809967e+02, 3.86449219e+02, 4.22722351e+02, 4.20119171e+02,
       3.23436432e+02, 2.02361847e+02, 3.32543854e+02, 2.33771667e+02,
       3.41750122e+02, 2.65485748e+02, 3.51051483e+02, 2.97602997e+02,
       3.60500793e+02, 3.30181244e+02, 3.70018005e+02, 3.63054688e+02,
       3.79658691e+02, 3.96406128e+02, 3.89376892e+02, 4.29949036e+02 ] ]
   - [ [ 2.60304779e+02, 2.57822845e+02, 2.92012512e+02, 2.40338501e+02,
       3.23378387e+02, 2.22774734e+02, 3.54493622e+02, 2.05499054e+02,
       3.85585022e+02, 1.88188400e+02, 4.16254364e+02, 1.71110352e+02,
       4.46808167e+02, 1.53944626e+02, 4.77089111e+02, 1.37128021e+02,
       2.78195740e+02, 2.89346252e+02, 3.09768250e+02, 2.71518555e+02,
       3.41003296e+02, 2.53959641e+02, 3.72223694e+02, 2.36442505e+02,
       4.02959747e+02, 2.19108459e+02, 4.33787170e+02, 2.01798843e+02,
       4.64187714e+02, 1.84681686e+02, 4.94444000e+02, 1.67726151e+02,
       2.95998993e+02, 3.20705139e+02, 3.27520660e+02, 3.02757172e+02,
       3.58744995e+02, 2.85045898e+02, 3.89737701e+02, 2.67374756e+02,
       4.20620941e+02, 2.49851852e+02, 4.51245331e+02, 2.32539505e+02,
       4.81778717e+02, 2.15263153e+02, 5.11881470e+02, 1.98257675e+02,
       3.13902802e+02, 3.52193756e+02, 3.45337463e+02, 3.34037994e+02,
       3.76442688e+02, 3.16163300e+02, 4.07503296e+02, 2.98348358e+02,
       4.38360352e+02, 2.80619781e+02, 4.68853943e+02, 2.63233917e+02,
       4.99245422e+02, 2.45816818e+02, 5.29286499e+02, 2.28755539e+02,
       3.31857056e+02, 3.83538971e+02, 3.63249420e+02, 3.65330933e+02,
       3.94353516e+02, 3.47301514e+02, 4.25315521e+02, 3.29394348e+02,
       4.56055176e+02, 3.11511230e+02, 4.86535004e+02, 2.93917877e+02,
       5.16887512e+02, 2.76482941e+02, 5.46912476e+02, 2.59287079e+02 ] ]
   - [ [ 2.49377792e+02, 3.03879303e+02, 2.72641998e+02, 2.77622467e+02,
       2.95519623e+02, 2.51532928e+02, 3.18411499e+02, 2.25644669e+02,
       3.41120453e+02, 1.99668274e+02, 3.63634033e+02, 1.74158218e+02,
       3.86077911e+02, 1.48480804e+02, 4.08426208e+02, 1.23167282e+02,
       2.75665955e+02, 3.26711792e+02, 2.98757599e+02, 3.00326599e+02,
       3.21661652e+02, 2.74193024e+02, 3.44475494e+02, 2.48076401e+02,
       3.67189819e+02, 2.22145416e+02, 3.89658997e+02, 1.96318314e+02,
       4.12093323e+02, 1.70656464e+02, 4.34405762e+02, 1.45143356e+02,
       3.01962708e+02, 3.49562347e+02, 3.25124756e+02, 3.23127197e+02,
       3.47815491e+02, 2.96683136e+02, 3.70635864e+02, 2.70501678e+02,
       3.93331512e+02, 2.44464920e+02, 4.15728485e+02, 2.18599197e+02,
       4.38194214e+02, 1.92760437e+02, 4.60418671e+02, 1.67364029e+02,
       3.28397034e+02, 3.72558197e+02, 3.51385529e+02, 3.45814362e+02,
       3.74215271e+02, 3.19460358e+02, 3.96916168e+02, 2.93087646e+02,
       4.19561279e+02, 2.66792389e+02, 4.42004639e+02, 2.40853958e+02,
       4.64370087e+02, 2.14970093e+02, 4.86531067e+02, 1.89233627e+02,
       3.54925293e+02, 3.95579987e+02, 3.77878479e+02, 3.68829681e+02,
       4.00614868e+02, 3.42279053e+02, 4.23415009e+02, 3.15768707e+02,
       4.45913605e+02, 2.89444885e+02, 4.68419037e+02, 2.63325073e+02,
       4.90745270e+02, 2.37239014e+02, 5.12950562e+02, 2.11625427e+02 ] ]
   - [ [ 1.53648239e+02, 1.03417328e+02, 1.93179657e+02, 9.87726212e+01,
       2.32232330e+02, 9.43473740e+01, 2.70901611e+02, 8.98064346e+01,
       3.09376617e+02, 8.54401703e+01, 3.47344940e+02, 8.10631714e+01,
       3.85042999e+02, 7.65839386e+01, 4.22215027e+02, 7.22848587e+01,
