%YAML:1.0
cameraMatrix: !!opencv-matrix
   rows: 3
   cols: 3
   dt: d
   data: [ 7.9499250748276893e+02, 0., 4.1091747480740622e+02, 0.,
       7.9234037376480399e+02, 2.9408169900860253e+02, 0., 0., 1. ]
imageSize_width: 800
imageSize_height: 600
sensorSize_width: 0
sensorSize_height: 0
distCoeffs: !!opencv-matrix
   rows: 5
   cols: 1
   dt: d
   data: [ 3.6733164951833736e-02, 1.3516159830337643e-01,
       -3.6717629356756271e-04, 1.8505079301769090e-03,
       -8.2118892838665103e-01 ]
reprojectionError: 1.2221754342317581e-01
features:
   - [ [ 3.84881531e+02, 1.01484970e+02, 3.66268738e+02, 1.22962486e+02,
       3.46949463e+02, 1.44526993e+02, 3.27148315e+02, 1.66720428e+02,
       3.06774139e+02, 1.89515717e+02, 2.85910736e+02, 2.12775208e+02,
       2.64393372e+02, 2.36961884e+02, 2.42264465e+02, 2.61477539e+02,
       3.60064758e+02, 8.69655533e+01, 3.40742828e+02, 1.07853943e+02,
       3.21544189e+02, 1.29096939e+02, 3.01472198e+02, 1.50787811e+02,
       2.81029053e+02, 1.73260284e+02, 2.59937866e+02, 1.96065323e+02,
       2.38282455e+02, 2.19592361e+02, 2.15976456e+02, 2.43739700e+02,
       3.35183746e+02, 7.24338760e+01, 3.15952942e+02, 9.30230484e+01,
       2.96511597e+02, 1.13748573e+02, 2.76340210e+02, 1.35141281e+02,
       2.55688721e+02, 1.57100830e+02, 2.34498917e+02, 1.79509216e+02,
       2.12553421e+02, 2.02565262e+02, 1.90087463e+02, 2.26299881e+02,
       3.11324677e+02, 5.81594505e+01, 2.91586975e+02, 7.84593582e+01,
       2.71989502e+02, 9.88549347e+01, 2.51697052e+02, 1.19743423e+02,
       2.30752731e+02, 1.41162415e+02, 2.09480927e+02, 1.63380783e+02,
       1.87399231e+02, 1.86092621e+02, 1.64822311e+02, 2.09291016e+02,
       2.86948547e+02, 4.43077698e+01, 2.67309174e+02, 6.37813110e+01,
       2.47793488e+02, 8.42230911e+01, 2.27213730e+02, 1.04525093e+02,
       2.06495224e+02, 1.25803177e+02, 1.84704910e+02, 1.47300552e+02,
       1.62713287e+02, 1.69663513e+02, 1.39851425e+02, 1.92477707e+02 ] ]
   - [ [ 3.89806061e+02, 1.25579575e+02, 4.02563995e+02, 1.58546494e+02,
       4.15489197e+02, 1.91694260e+02, 4.28640350e+02, 2.25252655e+02,
       4.41897461e+02, 2.59279144e+02, 4.55584503e+02, 2.93486267e+02,
       4.69385284e+02, 3.28425201e+02, 4.83360992e+02, 3.63566803e+02,
       3.55585999e+02, 1.38446838e+02, 3.68183380e+02, 1.71522522e+02,
       3.80877319e+02, 2.04711273e+02, 3.93672607e+02, 2.38378601e+02,
       4.06934662e+02, 2.72413513e+02, 4.20328766e+02, 3.06908447e+02,
       4.33859222e+02, 3.41863373e+02, 4.47599030e+02, 3.77237915e+02,
       3.21293915e+02, 1.51296127e+02, 3.33658813e+02, 1.84414169e+02,
       3.46217712e+02, 2.17621338e+02, 3.58859070e+02, 2.51444824e+02,
       3.71803284e+02, 2.85711365e+02, 3.84993896e+02, 3.20349579e+02,
       3.98351105e+02, 3.55428162e+02, 4.11794586e+02, 3.90788727e+02,
       2.86920380e+02, 1.64045059e+02, 2.99250519e+02, 1.97340332e+02,
       3.11534424e+02, 2.30712189e+02, 3.24044128e+02, 2.64619751e+02,
       3.36748108e+02, 2.98953094e+02, 3.49656067e+02, 3.33696838e+02,
       3.62771667e+02, 3.68990326e+02, 3.76126984e+02, 4.04489502e+02,
       2.52427139e+02, 1.76766098e+02, 2.64518616e+02, 2.10117004e+02,
       2.76709686e+02, 2.43740219e+02, 2.89099182e+02, 2.77810181e+02,
       3.01650818e+02, 3.12338928e+02, 3.14398315e+02, 3.47191345e+02,
       3.27262207e+02, 3.82581390e+02, 3.40343811e+02, 4.18254608e+02 ] ]
   - [ [ 3.84618073e+02, 1.25783485e+02, 4.04237946e+02, 1.58020447e+02,
       4.23660278e+02, 1.89902863e+02, 4.43325043e+02, 2.21934357e+02,
       4.62843506e+02, 2.54054733e+02, 4.82593475e+02, 2.86071228e+02,
       5.02294312e+02, 3.18175354e+02, 5.21899475e+02, 3.50189117e+02,
       3.52386841e+02, 1.44299103e+02, 3.71962494e+02, 1.76636780e+02,
       3.91641418e+02, 2.08674271e+02, 4.11336029e+02, 2.40928406e+02,
       4.31168549e+02, 2.73192230e+02, 4.50797546e+02, 3.05418274e+02,
       4.70600769e+02, 3.37697418e+02, 4.90308716e+02, 3.69906433e+02,
       3.19626465e+02, 1.62916519e+02, 3.39503632e+02, 1.95423752e+02,
       3.59204803e+02, 2.27655914e+02, 3.79040588e+02, 2.60086182e+02,
       3.98820312e+02, 2.92569122e+02, 4.18706818e+02, 3.25037323e+02,
       4.38590179e+02, 3.57547394e+02, 4.58388611e+02, 3.89827728e+02,
       2.86642670e+02, 1.81671066e+02, 3.06611511e+02, 2.14446304e+02,
       3.26512451e+02, 2.46912033e+02, 3.46363464e+02, 2.79485016e+02,
       3.66312012e+02, 3.12186340e+02, 3.86226685e+02, 3.44774139e+02,
       4.06257782e+02, 3.77555176e+02, 4.26101776e+02, 4.10206146e+02,
       2.53145737e+02, 2.00668503e+02, 2.73305542e+02, 2.33578445e+02,
       2.93322083e+02, 2.66384705e+02, 3.13356842e+02, 2.99187134e+02,
       3.33336487e+02, 3.32034790e+02, 3.53438538e+02, 3.64942291e+02,
       3.73448822e+02, 3.97807617e+02, 3.93414093e+02, 4.30650482e+02 ] ]
   - [ [ 3.39788757e+02, 1.36592911e+02, 3.80634216e+02, 1.48076614e+02,
       4.21631165e+02, 1.59361374e+02, 4.63085693e+02, 1.70768738e+02,
       5.04943237e+02, 1.82208405e+02, 5.47162048e+02, 1.93610611e+02,
       5.89940125e+02, 2.05256058e+02, 6.32915649e+02, 2.16884079e+02,
       3.28445312e+02, 1.78239258e+02, 3.69033508e+02, 1.89583527e+02,
       4.09781097e+02, 2.00966873e+02, 4.51029724e+02, 2.12480637e+02,
       4.92621429e+02, 2.24107346e+02, 5.34659180e+02, 2.35674026e+02,
       5.77254333e+02, 2.47387039e+02, 6.20031250e+02, 2.59199219e+02,
       3.17112732e+02, 2.19286652e+02, 3.57486389e+02, 2.30730377e+02,
       3.98043396e+02, 2.42243027e+02, 4.39165894e+02, 2.53744217e+02,
       4.80603119e+02, 2.65522430e+02, 5.22376953e+02, 2.77342804e+02,
       5.64737488e+02, 2.89203064e+02, 6.07273682e+02, 3.01152161e+02,
       3.05879974e+02, 2.59967468e+02, 3.46142548e+02, 2.71546112e+02,
       3.86505188e+02, 2.83170288e+02, 4.27470215e+02, 2.94872284e+02,
       4.68719238e+02, 3.06664825e+02, 5.10342163e+02, 3.18588531e+02,
       5.52411011e+02, 3.30630249e+02, 5.94800049e+02, 3.42755798e+02,
       2.94816925e+02, 3.00509827e+02, 3.34722015e+02, 3.12203003e+02,
       3.75186768e+02, 3.23837006e+02, 4.15836487e+02, 3.35719147e+02,
       4.56975250e+02, 3.47610504e+02, 4.98340851e+02, 3.59664795e+02,
       5.40321411e+02, 3.71891785e+02, 5.82395874e+02, 3.84215240e+02 ] ]
   - [ [ 3.27177582e+02, 2.03138397e+02, 3.62668274e+02, 1.94501358e+02,
       3.99515228e+02, 1.85527405e+02, 4.38192810e+02, 1.76086578e+02,
       4.78620972e+02, 1.66099823e+02, 5.21077087e+02, 1.55586105e+02,
       5.65738464e+02, 1.44624908e+02, 6.12452759e+02, 1.33291489e+02,
       3.30133026e+02, 2.42307739e+02, 3.66026489e+02, 2.34495316e+02,
       4.03359680e+02, 2.26272858e+02, 4.42425110e+02, 2.17628952e+02,
       4.83387451e+02, 2.08563919e+02, 5.26374634e+02, 1.99063126e+02,
       5.71608826e+02, 1.89047729e+02, 6.19063965e+02, 1.78568329e+02,
       3.33136688e+02, 2.82238312e+02, 3.69411926e+02, 2.75097809e+02,
       4.07172424e+02, 2.67656708e+02, 4.46642334e+02, 2.59871429e+02,
       4.88248657e+02, 2.51740112e+02, 5.31703796e+02, 2.43312622e+02,
       5.77591797e+02, 2.34285400e+02, 6.25694458e+02, 2.24870636e+02,
       3.36131744e+02, 3.22718597e+02, 3.72861481e+02, 3.16512024e+02,
       4.11212860e+02, 3.09948883e+02, 4.51289276e+02, 3.03164673e+02,
       4.93174347e+02, 2.95699890e+02, 5.37378418e+02, 2.88386108e+02,
       5.84017273e+02, 2.80410187e+02, 6.32694519e+02, 2.72297272e+02,
       3.39245789e+02, 3.64232574e+02, 3.76424683e+02, 3.58725739e+02,
       4.15215149e+02, 3.53136505e+02, 4.55719147e+02, 3.47202759e+02,
       4.98440033e+02, 3.40938293e+02, 5.43207886e+02, 3.34441742e+02,
       5.90473083e+02, 3.27614838e+02, 6.40003418e+02, 3.20575867e+02 ] ]
   - [ [ 3.24497589e+02, 2.40648239e+02, 3.56395477e+02, 2.22383484e+02,
       3.88818390e+02, 2.03551239e+02, 4.22316711e+02, 1.84340485e+02,
       4.56618896e+02, 1.64471405e+02, 4.91877747e+02, 1.44163330e+02,
       5.28312439e+02, 1.23194283e+02, 5.65489014e+02, 1.01938225e+02,
