%YAML:1.0
cameraMatrix: !!opencv-matrix
   rows: 3
   cols: 3
   dt: d
   data: [ 2.3210056747771155e+03, 0., 4.4566671977361113e+02, 0.,
       2.2980755523960793e+03, 1.8743507472213375e+02, 0., 0., 1. ]
imageSize_width: 800
imageSize_height: 600
sensorSize_width: 0
sensorSize_height: 0
distCoeffs: !!opencv-matrix
   rows: 5
   cols: 1
   dt: d
   data: [ -1.5710181809341486e-01, -1.5001045288734632e-01,
       -6.3948998453235515e-03, 1.3678084556374909e-03,
       1.8810214833792980e+00 ]
reprojectionError: 3.5529392957687378e-01
features:
   - [ [ 140., 50., 200., 50., 260., 50., 320., 50., 170., 80., 230.,
       80., 290., 80., 350., 80., 140., 110., 200., 110., 260., 110.,
       320., 110., 170., 140., 230., 140., 290., 140., 350., 140., 140.,
       170., 200., 170., 260., 170., 320., 170. ] ]
   - [ [ 140., 50., 200., 50., 260., 50., 320., 50., 170., 80., 230.,
       80., 290., 80., 350., 80., 140., 110., 200., 110., 260., 110.,
       320., 110., 170., 140., 230., 140., 290., 140., 350., 140., 140.,
       170., 200., 170., 260., 170., 320., 170. ] ]
   - [ [ 140., 50., 200., 50., 260., 50., 320., 50., 170., 80., 230.,
       80., 290., 80., 350., 80., 140., 110., 200., 110., 260., 110.,
       320., 110., 170., 140., 230., 140., 290., 140., 350., 140., 140.,
       170., 200., 170., 260., 170., 320., 170. ] ]
   - [ [ 140., 50., 200., 50., 260., 50., 320., 50., 170., 80., 230.,
       80., 290., 80., 350., 80., 140., 110., 200., 110., 260., 110.,
       320., 110., 170., 140., 230., 140., 290., 140., 350., 140., 140.,
       170., 200., 170., 260., 170., 320., 170. ] ]
   - [ [ 140., 50., 200., 50., 260., 50., 320., 50., 170., 80., 230.,
       80., 290., 80., 350., 80., 140., 110., 200., 110., 260., 110.,
       320., 110., 170., 140., 230., 140., 290., 140., 350., 140., 140.,
       170., 200., 170., 260., 170., 320., 170. ] ]
   - [ [ 1.21088654e+02, 1.90917816e+02, 2.82437042e+02, 1.92833221e+02,
       4.44244019e+02, 1.94197952e+02, 6.05824951e+02, 1.94985962e+02,
       2.02783035e+02, 2.66909424e+02, 3.62255554e+02, 2.68579041e+02,
       5.21863403e+02, 2.69543793e+02, 6.82528687e+02, 2.70603271e+02,
       1.24482239e+02, 3.39565430e+02, 2.82488312e+02, 3.40825256e+02,
       4.40081512e+02, 3.42100128e+02, 5.98248169e+02, 3.43353577e+02,
       2.04327438e+02, 4.11951813e+02, 3.60346680e+02, 4.13007568e+02,
       5.16439758e+02, 4.14387329e+02, 6.73045593e+02, 4.15340179e+02,
       1.28208328e+02, 4.80845856e+02, 2.82293396e+02, 4.82775757e+02,
       4.36686859e+02, 4.83963959e+02, 5.91132263e+02, 4.84648193e+02 ] ]
   - [ [ 7.19381561e+01, 3.10380707e+02, 2.03409531e+02, 2.28876175e+02,
       3.37902222e+02, 1.45409866e+02, 4.74794952e+02, 6.03687210e+01,
       1.82091751e+02, 3.32016632e+02, 3.14339142e+02, 2.50860382e+02,
       4.49187500e+02, 1.67872513e+02, 5.86131897e+02, 8.34215698e+01,
       1.61539490e+02, 4.32015625e+02, 2.91523163e+02, 3.53254303e+02,
       4.24255249e+02, 2.72469452e+02, 5.59226013e+02, 1.89999329e+02,
       2.69477386e+02, 4.52484222e+02, 4.00018097e+02, 3.74048096e+02,
       5.32968811e+02, 2.93686920e+02, 6.67847168e+02, 2.11738892e+02,
       2.48082169e+02, 5.48796875e+02, 3.76504700e+02, 4.72484741e+02,
       5.07362946e+02, 3.94373779e+02, 6.40294617e+02, 3.14454559e+02 ] ]
   - [ [ 1.48523855e+01, 3.51729462e+02, 1.22157196e+02, 2.45810593e+02,
       2.32923050e+02, 1.36496429e+02, 3.46873474e+02, 2.40644932e+01,
       1.26590149e+02, 3.50551147e+02, 2.35574936e+02, 2.44537170e+02,
       3.47830475e+02, 1.35227066e+02, 4.62966156e+02, 2.29750309e+01,
       1.30993622e+02, 4.51925110e+02, 2.38243042e+02, 3.49207245e+02,
       3.48765594e+02, 2.43086624e+02, 4.62230804e+02, 1.33882584e+02,
       2.40935120e+02, 4.50451843e+02, 3.49698212e+02, 3.47624664e+02,
       4.61487946e+02, 2.41507462e+02, 5.76008118e+02, 1.32469650e+02,
       2.43564362e+02, 5.48443176e+02, 3.50642883e+02, 4.48746613e+02,
       4.60730743e+02, 3.45836151e+02, 5.73596436e+02, 2.39814240e+02 ] ]
   - [ [ 5.43651390e+01, 1.48020493e+02, 2.15856445e+02, 1.32208389e+02,
       3.77441162e+02, 1.16223862e+02, 5.38530762e+02, 1.00134369e+02,
       1.45142395e+02, 2.16467712e+02, 3.05036255e+02, 2.00679230e+02,
       4.64715424e+02, 1.84667801e+02, 6.23661438e+02, 1.68502762e+02,
       7.60960464e+01, 2.98810242e+02, 2.34164139e+02, 2.83321930e+02,
       3.92293884e+02, 2.67495789e+02, 5.49948364e+02, 2.51404938e+02,
       1.64900360e+02, 3.64065918e+02, 3.21336578e+02, 3.48532135e+02,
       4.77565643e+02, 3.32617462e+02, 6.33077209e+02, 3.16386139e+02,
       9.72096024e+01, 4.42944244e+02, 2.51916199e+02, 4.27696503e+02,
       4.06584076e+02, 4.12057373e+02, 5.60791565e+02, 3.95998474e+02 ] ]
   - [ [ 2.77111301e+01, 2.08700161e+01, 1.93883713e+02, 2.22451553e+01,
       3.58701843e+02, 2.32390079e+01, 5.22331665e+02, 2.41502495e+01,
       1.12841797e+02, 1.01061195e+02, 2.76274231e+02, 1.01842667e+02,
       4.38741608e+02, 1.02593353e+02, 5.99910889e+02, 1.02973999e+02,
       3.34729004e+01, 1.78273239e+02, 1.95325272e+02, 1.78907135e+02,
       3.56746124e+02, 1.79430176e+02, 5.16661133e+02, 1.79659607e+02,
       1.16103943e+02, 2.54463150e+02, 2.76125244e+02, 2.54763550e+02,
       4.35007660e+02, 2.54778748e+02, 5.92701050e+02, 2.54644821e+02,
       3.85766716e+01, 3.28404205e+02, 1.96927414e+02, 3.28717682e+02,
       3.54806305e+02, 3.28535736e+02, 5.11362885e+02, 3.28196625e+02 ] ]
   - [ [ 4.02872963e+01, 2.11014023e+01, 2.05555161e+02, 2.99570274e+01,
       3.69872803e+02, 3.87671814e+01, 5.32541870e+02, 4.74036903e+01,
       1.20354843e+02, 1.04674965e+02, 2.83570801e+02, 1.13091499e+02,
       4.45462494e+02, 1.21316811e+02, 6.05569519e+02, 1.29286957e+02,
       3.68510361e+01, 1.78049408e+02, 1.98713577e+02, 1.86191971e+02,
       3.59720001e+02, 1.94044800e+02, 5.19106201e+02, 2.01624847e+02,
       1.15515518e+02, 2.57965485e+02, 2.75328247e+02, 2.65582336e+02,
       4.33934387e+02, 2.72811554e+02, 5.90833618e+02, 2.79743469e+02,
       3.39179001e+01, 3.28358765e+02, 1.92465851e+02, 3.35798828e+02,
       3.50075256e+02, 3.42820984e+02, 5.06250854e+02, 3.49422882e+02 ] ]
   - [ [ 9.67309189e+01, 5.12058411e+01, 2.60930969e+02, 4.71385956e+01,
       4.24651062e+02, 4.31478653e+01, 5.87142761e+02, 3.91250305e+01,
       1.82094635e+02, 1.27747551e+02, 3.44561646e+02, 1.23584885e+02,
       5.06049286e+02, 1.19316284e+02, 6.66113647e+02, 1.14961601e+02,
       1.04946442e+02, 2.06811676e+02, 2.65869110e+02, 2.02578735e+02,
       4.26249939e+02, 1.98144363e+02, 5.85460632e+02, 1.93556931e+02,
       1.88708267e+02, 2.80064148e+02, 3.47804443e+02, 2.75563507e+02,
       5.05984558e+02, 2.70819672e+02, 6.62789185e+02, 2.65850647e+02,
       1.13301682e+02, 3.55860291e+02, 2.70779388e+02, 3.51499573e+02,
       4.27816193e+02, 3.46692505e+02, 5.83731567e+02, 3.41579468e+02 ] ]
   - [ [ 9.30811234e+01, 3.12106110e+02, 2.15738663e+02, 2.19053253e+02,
       3.41658875e+02, 1.23623161e+02, 4.70248901e+02, 2.61560841e+01,
       2.04581192e+02, 3.23978394e+02, 3.28463470e+02, 2.31151108e+02,
       4.55122742e+02, 1.36140762e+02, 5.84200012e+02, 3.92008705e+01,
       1.93928513e+02, 4.25645416e+02, 3.15685638e+02, 3.35580963e+02,
       4.40402588e+02, 2.43058762e+02, 5.67604431e+02, 1.48499039e+02,
       3.03374573e+02, 4.36798004e+02, 4.26087067e+02, 3.46919373e+02,
       5.51392273e+02, 2.54777420e+02, 6.78898621e+02, 1.60693054e+02,
       2.91526917e+02, 5.34726990e+02, 4.12184753e+02, 4.47608551e+02,
       5.35569336e+02, 3.58004150e+02, 6.61239685e+02, 2.66263031e+02 ] ]
   - [ [ 9.17140884e+01, 3.48996155e+02, 2.00814606e+02, 2.43843781e+02,
       3.13484924e+02, 1.35372925e+02, 4.29281586e+02, 2.39459515e+01,
       2.03282379e+02, 3.48546783e+02, 3.14141174e+02, 2.43290756e+02,
       4.28206665e+02, 1.34916809e+02, 5.45129333e+02, 2.37353859e+01,
       2.05828934e+02, 4.49835510e+02, 3.14848999e+02, 3.47894287e+02,
