<?xml version="1.0"?>
<opencv_storage>
<cameraMatrix type_id="opencv-matrix">
  <rows>3</rows>
  <cols>3</cols>
  <dt>d</dt>
  <data>
    7.8783062017825625e+02 0. 4.1069672146093677e+02 0.
    7.8646048016430154e+02 3.0520702704370763e+02 0. 0. 1.</data></cameraMatrix>
<imageSize_width>800</imageSize_width>
<imageSize_height>600</imageSize_height>
<sensorSize_width>0</sensorSize_width>
<sensorSize_height>0</sensorSize_height>
<distCoeffs type_id="opencv-matrix">
  <rows>5</rows>
  <cols>1</cols>
  <dt>d</dt>
  <data>
    3.4206829868051368e-02 2.1215654831421599e-01 3.4696190616045740e-03
    2.4407831200065348e-03 -1.6074528284699419e+00</data></distCoeffs>
<reprojectionError>1.2489980459213257e-01</reprojectionError>
<features>
  <_><_>
      3.07419250e+02 2.96688324e+02 3.38595734e+02 2.99576874e+02
      3.69944977e+02 3.02499298e+02 4.01538788e+02 3.05261047e+02
      4.33470184e+02 3.08116577e+02 4.65457031e+02 3.10750153e+02
      4.97833374e+02 3.13793335e+02 5.30336426e+02 3.16746429e+02
      3.01791046e+02 3.25674591e+02 3.33550995e+02 3.28699860e+02
      3.65452057e+02 3.31579407e+02 3.97486847e+02 3.34511353e+02
      4.30061157e+02 3.37660004e+02 4.62630432e+02 3.40661591e+02
      4.95647491e+02 3.43672150e+02 5.28613647e+02 3.46824677e+02
      2.96217896e+02 3.55686920e+02 3.28455597e+02 3.58738953e+02
      3.60678467e+02 3.61813751e+02 3.93475037e+02 3.64822205e+02
      4.26607208e+02 3.68145142e+02 4.59780334e+02 3.71420258e+02
      4.93373718e+02 3.74484619e+02 5.26966736e+02 3.78044983e+02
      2.90276764e+02 3.86721008e+02 3.23157501e+02 3.89960114e+02
      3.56068848e+02 3.93413147e+02 3.89368805e+02 3.96507294e+02
      4.22997589e+02 3.99639740e+02 4.56798004e+02 4.03350311e+02
      4.90975739e+02 4.06720795e+02 5.25226196e+02 4.10317352e+02
      2.83923035e+02 4.19015411e+02 3.17503235e+02 4.22443512e+02
      3.51077576e+02 4.25845337e+02 3.85142426e+02 4.29318939e+02
      4.19344391e+02 4.32775696e+02 4.53784790e+02 4.36447388e+02
      4.88563141e+02 4.40222382e+02 5.23446228e+02 4.44029175e+02</_></_>
  <_><_>
      3.07394501e+02 2.96732849e+02 3.38562561e+02 2.99604034e+02
      3.69823303e+02 3.02525360e+02 4.01513702e+02 3.05277985e+02
      4.33427673e+02 3.08136536e+02 4.65427460e+02 3.10843964e+02
      4.97768646e+02 3.13863098e+02 5.30291748e+02 3.16794006e+02
      3.01769684e+02 3.25711151e+02 3.33541412e+02 3.28693054e+02
      3.65432709e+02 3.31600311e+02 3.97488129e+02 3.34530396e+02
      4.30008026e+02 3.37647949e+02 4.62598938e+02 3.40675690e+02
      4.95572723e+02 3.43717072e+02 5.28590454e+02 3.46882141e+02
      2.96138702e+02 3.55717072e+02 3.28391144e+02 3.58748077e+02
      3.60635742e+02 3.61791168e+02 3.93434204e+02 3.64778656e+02
      4.26539764e+02 3.68171356e+02 4.59691284e+02 3.71459747e+02
      4.93317352e+02 3.74549805e+02 5.26917114e+02 3.78103882e+02
      2.90213165e+02 3.86686035e+02 3.23078430e+02 3.89919403e+02
      3.55907898e+02 3.93394257e+02 3.89305054e+02 3.96497589e+02
      4.22906189e+02 3.99601135e+02 4.56692200e+02 4.03342560e+02
      4.90946960e+02 4.06736755e+02 5.25151611e+02 4.10355530e+02
      2.83879883e+02 4.18958282e+02 3.17462067e+02 4.22442535e+02
      3.51037750e+02 4.25803741e+02 3.85067902e+02 4.29287567e+02
      4.19275970e+02 4.32773468e+02 4.53739471e+02 4.36465179e+02
      4.88499542e+02 4.40203491e+02 5.23381226e+02 4.43980499e+02</_></_>
  <_><_>
      3.43473572e+02 2.80726562e+02 3.74231476e+02 2.74531830e+02
      4.05332611e+02 2.68288361e+02 4.36832428e+02 2.61703674e+02
      4.68948059e+02 2.55325424e+02 5.01390625e+02 2.48490631e+02
      5.34521606e+02 2.41757721e+02 5.68085693e+02 2.34900101e+02
      3.45930267e+02 3.10121552e+02 3.77254913e+02 3.04101746e+02
      4.08788940e+02 2.97822968e+02 4.40835907e+02 2.91338013e+02
      4.73614349e+02 2.85130005e+02 5.06655060e+02 2.78528595e+02
      5.40408508e+02 2.71896606e+02 5.74516357e+02 2.65322357e+02
      3.48469269e+02 3.40458557e+02 3.80304535e+02 3.34492737e+02
      4.12397064e+02 3.28299591e+02 4.45045807e+02 3.21952026e+02
      4.78380920e+02 3.15816071e+02 5.12105347e+02 3.09559448e+02
      5.46370972e+02 3.02992706e+02 5.81201233e+02 2.96637268e+02
      3.51005432e+02 3.71579865e+02 3.83443726e+02 3.65830231e+02
      4.16155060e+02 3.59912720e+02 4.49412201e+02 3.53776001e+02
      4.83204773e+02 3.47501709e+02 5.17657959e+02 3.41630402e+02
      5.52700378e+02 3.35366608e+02 5.88135376e+02 3.29145813e+02
      3.53641357e+02 4.03941010e+02 3.86525970e+02 3.98327484e+02
      4.19937378e+02 3.92631714e+02 4.53919281e+02 3.86660309e+02
      4.88437531e+02 3.80773132e+02 5.23377686e+02 3.74700043e+02
      5.59126038e+02 3.68744110e+02 5.95241821e+02 3.62764130e+02</_></_>
  <_><_>
      4.63629913e+02 1.64104584e+02 4.73446289e+02 1.94239914e+02
      4.83376678e+02 2.24440994e+02 4.93491638e+02 2.55165146e+02
      5.03681366e+02 2.86306122e+02 5.14146240e+02 3.17665466e+02
      5.24548828e+02 3.49660797e+02 5.35298645e+02 3.82015503e+02
      4.32624268e+02 1.72638535e+02 4.42278625e+02 2.02829102e+02
      4.52110291e+02 2.33251236e+02 4.61958405e+02 2.63983826e+02
      4.72001984e+02 2.95427887e+02 4.82262573e+02 3.27095795e+02
      4.92569489e+02 3.59210205e+02 5.02917450e+02 3.91654694e+02
      4.01437134e+02 1.81289001e+02 4.10862335e+02 2.11574280e+02
      4.20549896e+02 2.41979401e+02 4.30361908e+02 2.73026276e+02
      4.40207001e+02 3.04625916e+02 4.50266968e+02 3.36517548e+02
      4.60388824e+02 3.68754272e+02 4.70561554e+02 4.01458649e+02
      3.69956696e+02 1.89756607e+02 3.79396332e+02 2.20287354e+02
      3.88793335e+02 2.51163834e+02 3.98400116e+02 2.82246887e+02
      4.08222351e+02 3.13824005e+02 4.17917725e+02 3.46006561e+02
      4.27898163e+02 3.78522064e+02 4.37830170e+02 4.11328247e+02
      3.38368286e+02 1.98502777e+02 3.47517731e+02 2.29240250e+02
      3.56722198e+02 2.60111877e+02 3.66234955e+02 2.91466675e+02
      3.75665009e+02 3.23399841e+02 3.85448975e+02 3.55555786e+02
      3.95238220e+02 3.88360687e+02 4.05127441e+02 4.21284790e+02</_></_>
  <_><_>
      4.15695587e+02 1.95152405e+02 4.36751709e+02 2.18887192e+02
      4.58121338e+02 2.42907761e+02 4.79817261e+02 2.67240417e+02
      5.01785034e+02 2.92076965e+02 5.24178772e+02 3.17055298e+02
      5.46811157e+02 3.42528992e+02 5.69823914e+02 3.68391144e+02
      3.90700226e+02 2.14299606e+02 4.11750397e+02 2.38441284e+02
      4.33161835e+02 2.62701904e+02 4.54839996e+02 2.87356445e+02
      4.76782227e+02 3.12524933e+02 4.99148682e+02 3.37886932e+02
      5.21785706e+02 3.63766632e+02 5.44679932e+02 3.89957550e+02
      3.65275513e+02 2.33733627e+02 3.86356781e+02 2.58245758e+02
      4.07672913e+02 2.82717712e+02 4.29439301e+02 3.07741150e+02
      4.51425934e+02 3.33377319e+02 4.73671173e+02 3.59200623e+02
      4.96420563e+02 3.85352844e+02 5.19341003e+02 4.11982544e+02
      3.39452393e+02 2.53609543e+02 3.60506317e+02 2.78376801e+02
      3.81860626e+02 3.03397766e+02 4.03555237e+02 3.28678162e+02
      4.25631653e+02 3.54509583e+02 4.47800751e+02 3.80722260e+02
      4.70562714e+02 4.07354980e+02 4.93452820e+02 4.34354767e+02
      3.13207520e+02 2.73710693e+02 3.34267853e+02 2.98784821e+02
      3.55566284e+02 3.24257965e+02 3.77283539e+02 3.50042999e+02
      3.99323212e+02 3.76249817e+02 4.21595337e+02 4.02691742e+02
      4.44342896e+02 4.29749634e+02 4.67200348e+02 4.57211670e+02</_></_>
  <_><_>
      4.81467194e+02 1.33190231e+02 5.04129547e+02 1.55326263e+02
      5.27428711e+02 1.78006744e+02 5.51478577e+02 2.01331818e+02
      5.76409241e+02 2.25509018e+02 6.02126526e+02 2.50390793e+02
      6.28798462e+02 2.76184540e+02 6.56185791e+02 3.02657440e+02
      4.56126251e+02 1.56778381e+02 4.78278229e+02 1.79299011e+02
      5.01008209e+02 2.02185608e+02 5.24528564e+02 2.25667023e+02
      5.49061646e+02 2.50287872e+02 5.74226074e+02 2.75408478e+02
      6.00303955e+02 3.01499207e+02 6.27194702e+02 3.28382782e+02
