%YAML:1.0
cameraMatrix: !!opencv-matrix
   rows: 3
   cols: 3
   dt: d
   data: [ 2.7341673061543192e+03, 0., 4.0889288488493770e+02, 0.,
       2.6447549080067424e+03, 3.2267064645277048e+02, 0., 0., 1. ]
imageSize_width: 800
imageSize_height: 600
sensorSize_width: 0
sensorSize_height: 0
distCoeffs: !!opencv-matrix
   rows: 5
   cols: 1
   dt: d
   data: [ -1.1852441371942982e-01, -1.5031324805967559e+00,
       -2.3918484101620906e-02, 2.2114301487437637e-03,
       -1.7581265506736429e+02 ]
reprojectionError: 3.4609517455101013e-01
features:
   - [ [ 140., 50., 200., 50., 260., 50., 320., 50., 170., 80., 230.,
       80., 290., 80., 350., 80., 140., 110., 200., 110., 260., 110.,
       320., 110., 170., 140., 230., 140., 290., 140., 350., 140., 140.,
       170., 200., 170., 260., 170., 320., 170. ] ]
   - [ [ 140., 50., 200., 50., 260., 50., 320., 50., 170., 80., 230.,
       80., 290., 80., 350., 80., 140., 110., 200., 110., 260., 110.,
       320., 110., 170., 140., 230., 140., 290., 140., 350., 140., 140.,
       170., 200., 170., 260., 170., 320., 170. ] ]
   - [ [ 140., 50., 200., 50., 260., 50., 320., 50., 170., 80., 230.,
       80., 290., 80., 350., 80., 140., 110., 200., 110., 260., 110.,
       320., 110., 170., 140., 230., 140., 290., 140., 350., 140., 140.,
       170., 200., 170., 260., 170., 320., 170. ] ]
   - [ [ 140., 50., 200., 50., 260., 50., 320., 50., 170., 80., 230.,
       80., 290., 80., 350., 80., 140., 110., 200., 110., 260., 110.,
       320., 110., 170., 140., 230., 140., 290., 140., 350., 140., 140.,
       170., 200., 170., 260., 170., 320., 170. ] ]
   - [ [ 140., 50., 200., 50., 260., 50., 320., 50., 170., 80., 230.,
       80., 290., 80., 350., 80., 140., 110., 200., 110., 260., 110.,
       320., 110., 170., 140., 230., 140., 290., 140., 350., 140., 140.,
       170., 200., 170., 260., 170., 320., 170. ] ]
   - [ [ 7.94892654e+01, 6.00198097e+01, 2.61751984e+02, 6.12470016e+01,
       4.45342224e+02, 6.24988976e+01, 6.28826233e+02, 6.37261848e+01,
       1.72145493e+02, 1.46699982e+02, 3.53242981e+02, 1.48125229e+02,
       5.34890991e+02, 1.49324066e+02, 7.15744995e+02, 1.50301437e+02,
       8.52254639e+01, 2.29824570e+02, 2.63402130e+02, 2.31623840e+02,
       4.42826935e+02, 2.32993164e+02, 6.22181824e+02, 2.33960983e+02,
       1.76079636e+02, 3.12789246e+02, 3.52912964e+02, 3.14538177e+02,
       5.30313904e+02, 3.15680359e+02, 7.06971313e+02, 3.16189545e+02,
       9.13366776e+01, 3.91528259e+02, 2.65362915e+02, 3.93723206e+02,
       4.40437866e+02, 3.95233551e+02, 6.15417542e+02, 3.95917755e+02 ] ]
   - [ [ 7.49616211e+02, 4.26222763e+01, 7.26426270e+02, 2.12354752e+02,
       7.03611755e+02, 3.74047363e+02, 6.81137268e+02, 5.27245911e+02,
       6.48426880e+02, 1.21582077e+02, 6.27367432e+02, 2.88071411e+02,
       6.06818542e+02, 4.46257233e+02, 5.86756775e+02, 5.95693970e+02,
       5.67772034e+02, 2.81174088e+01, 5.48437256e+02, 1.99246338e+02,
       5.29662537e+02, 3.62118958e+02, 5.11629089e+02, 5.16610657e+02,
       4.67160248e+02, 1.07677864e+02, 4.50133606e+02, 2.75253998e+02,
       4.33902527e+02, 4.34337830e+02, 4.18349884e+02, 5.84945068e+02,
       3.83575928e+02, 1.35198431e+01, 3.68396698e+02, 1.85715515e+02,
       3.53941620e+02, 3.49357849e+02, 3.40161285e+02, 5.04698975e+02 ] ]
   - [ [ 7.05842468e+02, 5.43126831e+02, 5.31986877e+02, 5.49606506e+02,
       3.56820831e+02, 5.54938049e+02, 1.81665283e+02, 5.59211792e+02,
       6.19600769e+02, 4.66461090e+02, 4.42930573e+02, 4.72145599e+02,
       2.65717529e+02, 4.77014832e+02, 8.90933838e+01, 4.80949524e+02,
       7.08533081e+02, 3.81382965e+02, 5.30726379e+02, 3.87287659e+02,
       3.51811188e+02, 3.92507843e+02, 1.72835983e+02, 3.97058075e+02,
       6.20032349e+02, 3.00529633e+02, 4.39678925e+02, 3.05966217e+02,
       2.58808319e+02, 3.10872772e+02, 7.84422302e+01, 3.15219940e+02,
       7.10502014e+02, 2.12085205e+02, 5.29171692e+02, 2.17527191e+02,
       3.46665222e+02, 2.22651138e+02, 1.64106949e+02, 2.27365906e+02 ] ]
   - [ [ 7.08264648e+02, 5.28551941e+02, 5.34874817e+02, 5.35471008e+02,
       3.60270050e+02, 5.41462585e+02, 1.85513351e+02, 5.46590576e+02,
       6.22134644e+02, 4.52564026e+02, 4.45995331e+02, 4.58867950e+02,
       2.69260040e+02, 4.64458160e+02, 9.28354797e+01, 4.69280090e+02,
       7.10774109e+02, 3.67728699e+02, 5.33445007e+02, 3.74215271e+02,
       3.54979492e+02, 3.80117249e+02, 1.76341599e+02, 3.85414124e+02,
       6.22451294e+02, 2.87629974e+02, 4.42511230e+02, 2.93712921e+02,
       2.61961700e+02, 2.99325562e+02, 8.17303619e+01, 3.04448364e+02,
       7.12647827e+02, 1.99355881e+02, 5.31714355e+02, 2.05369461e+02,
       3.49490936e+02, 2.11164368e+02, 1.67108231e+02, 2.16611267e+02 ] ]
   - [ [ 9.46451492e+01, 5.76923462e+02, 9.08326645e+01, 4.26166077e+02,
       8.74401855e+01, 2.67195984e+02, 8.45465088e+01, 1.00310081e+02,
       1.77716354e+02, 5.04845276e+02, 1.76330780e+02, 3.49883972e+02,
       1.75131577e+02, 1.86833328e+02, 1.74373672e+02, 1.59054193e+01,
       2.62692688e+02, 5.81360229e+02, 2.63296570e+02, 4.30427765e+02,
       2.64097107e+02, 2.71450775e+02, 2.65128662e+02, 1.04349075e+02,
       3.48281586e+02, 5.08767883e+02, 3.51065643e+02, 3.53899811e+02,
       3.54100067e+02, 1.90921570e+02, 3.57347748e+02, 1.98158035e+01,
       4.31202667e+02, 5.84864990e+02, 4.35996948e+02, 4.34120087e+02,
       4.41012177e+02, 2.75281250e+02, 4.46236969e+02, 1.08380981e+02 ] ]
   - [ [ 6.92275925e+01, 1.06202721e+02, 2.49709564e+02, 9.80074844e+01,
       4.31058411e+02, 8.97942047e+01, 6.12118835e+02, 8.14246445e+01,
       1.65728729e+02, 1.86782074e+02, 3.44848694e+02, 1.78872223e+02,
       5.24090515e+02, 1.70591125e+02, 7.02628113e+02, 1.62059860e+02,
       8.39816284e+01, 2.73231995e+02, 2.60672882e+02, 2.65709686e+02,
       4.37842468e+02, 2.57721039e+02, 6.14802979e+02, 2.49274002e+02,
       1.78595230e+02, 3.50238190e+02, 3.53554718e+02, 3.42629333e+02,
       5.28598389e+02, 3.34469269e+02, 7.03087708e+02, 3.25788666e+02,
       9.87335205e+01, 4.32394989e+02, 2.71288269e+02, 4.25268677e+02,
       4.44273071e+02, 4.17480957e+02, 6.17054993e+02, 4.09082581e+02 ] ]
   - [ [ 1.00593933e+02, 1.24258804e+02, 2.80036499e+02, 1.05602028e+02,
       4.60534027e+02, 8.67229462e+01, 6.41079224e+02, 6.77492905e+01,
       2.01795593e+02, 1.99113525e+02, 3.79893188e+02, 1.80825653e+02,
       5.58512390e+02, 1.62038086e+02, 7.36630066e+02, 1.43171387e+02,
       1.25643150e+02, 2.90064850e+02, 3.01264252e+02, 2.72412872e+02,
       4.77561340e+02, 2.54202866e+02, 6.54178223e+02, 2.35476059e+02,
       2.24622879e+02, 3.61459595e+02, 3.98584198e+02, 3.43866730e+02,
       5.73038940e+02, 3.25694794e+02, 7.47292664e+02, 3.07006653e+02,
       1.50008865e+02, 4.47999329e+02, 3.21571350e+02, 4.31060425e+02,
       4.93760559e+02, 4.13493896e+02, 6.66247864e+02, 3.95321259e+02 ] ]
   - [ [ 1.04596313e+02, 1.23535583e+02, 2.83703949e+02, 1.01683350e+02,
       4.64060699e+02, 7.96327438e+01, 6.44471802e+02, 5.76487083e+01,
       2.07130173e+02, 1.96678513e+02, 3.85020569e+02, 1.75286163e+02,
       5.63603455e+02, 1.53398224e+02, 7.41550293e+02, 1.31606644e+02,
       1.32639923e+02, 2.89046021e+02, 3.07983521e+02, 2.68393188e+02,
       4.84173309e+02, 2.47144363e+02, 6.60798157e+02, 2.25399765e+02,
       2.32934067e+02, 3.58859222e+02, 4.06693756e+02, 3.38329620e+02,
       5.81152832e+02, 3.17189575e+02, 7.55321533e+02, 2.95572632e+02,
       1.59883011e+02, 4.46750671e+02, 3.31198090e+02, 4.26944702e+02,
       5.03288879e+02, 4.06509979e+02, 6.75808716e+02, 3.85437561e+02 ] ]
   - [ [ 6.03820877e+01, 1.42072067e+02, 2.36748154e+02, 1.10742912e+02,
       4.15214203e+02, 7.90952377e+01, 5.94565857e+02, 4.72731438e+01,
       1.66935364e+02, 2.09321075e+02, 3.42693268e+02, 1.78688080e+02,
       5.19767029e+02, 1.47385300e+02, 6.97166504e+02, 1.15925934e+02,
       9.91941986e+01, 3.05023773e+02, 2.72153839e+02, 2.75445557e+02,
