%YAML:1.0
Rotation_Vector: !!opencv-matrix
   rows: 3
   cols: 1
   dt: d
   data: [ -1.3592326799665549e-02, 9.3329381388480986e-02,
       3.1098415957047556e+00 ]
Translation_Vector: !!opencv-matrix
   rows: 3
   cols: 1
   dt: d
   data: [ -2.5934942263992800e+00, -4.2969111958601394e+00,
       3.0593542230328520e+01 ]
