%YAML:1.0
Rotation_Vector: !!opencv-matrix
   rows: 3
   cols: 1
   dt: d
   data: [ -2.0422717087200608e-02, 1.6387495922023138e-01,
       3.0940336137287114e+00 ]
Translation_Vector: !!opencv-matrix
   rows: 3
   cols: 1
   dt: d
   data: [ -3.1839631619348618e+00, -2.4209197375855522e+00,
       1.6997158803933079e+01 ]
