<?xml version="1.0"?>
<opencv_storage>
<cameraMatrix type_id="opencv-matrix">
  <rows>3</rows>
  <cols>3</cols>
  <dt>d</dt>
  <data>
    7.8133119577210027e+02 0. 4.0329687977350420e+02 0.
    7.7923376431426391e+02 3.0116283803733620e+02 0. 0. 1.</data></cameraMatrix>
<imageSize_width>800</imageSize_width>
<imageSize_height>600</imageSize_height>
<sensorSize_width>0</sensorSize_width>
<sensorSize_height>0</sensorSize_height>
<distCoeffs type_id="opencv-matrix">
  <rows>5</rows>
  <cols>1</cols>
  <dt>d</dt>
  <data>
    -5.1728954098574566e-02 1.3774472406710729e+00
    1.6684875296086885e-03 7.5890081945571093e-04
    -7.1300866626090178e+00</data></distCoeffs>
<reprojectionError>1.2693981826305389e-01</reprojectionError>
<features>
  <_><_>
      5.72621155e+02 3.14207397e+02 5.39871277e+02 3.12862549e+02
      5.07430145e+02 3.11706482e+02 4.75192169e+02 3.10389496e+02
      4.42962646e+02 3.09327545e+02 4.10902374e+02 3.07863007e+02
      3.78975952e+02 3.06790314e+02 3.47421814e+02 3.05557007e+02
      5.71470764e+02 2.85133789e+02 5.39204468e+02 2.83962708e+02
      5.07416595e+02 2.82916840e+02 4.75638367e+02 2.81496918e+02
      4.43977814e+02 2.80602753e+02 4.12488373e+02 2.79344879e+02
      3.81095276e+02 2.78330719e+02 3.50006775e+02 2.77272034e+02
      5.70373840e+02 2.57160309e+02 5.38663086e+02 2.56233795e+02
      5.07462097e+02 2.54911560e+02 4.76209290e+02 2.53596649e+02
      4.45008087e+02 2.52787140e+02 4.14085907e+02 2.51740417e+02
      3.83195221e+02 2.50614044e+02 3.52614258e+02 2.49675781e+02
      5.69392883e+02 2.30124191e+02 5.38260193e+02 2.29182495e+02
      5.07362762e+02 2.28217255e+02 4.76636353e+02 2.26950470e+02
      4.45997406e+02 2.25754730e+02 4.15542816e+02 2.25231705e+02
      3.85286072e+02 2.24250626e+02 3.55231628e+02 2.23134583e+02
      5.68368286e+02 2.03730042e+02 5.37704041e+02 2.02968292e+02
      5.07424194e+02 2.02145676e+02 4.77159668e+02 2.01157623e+02
      4.47007660e+02 2.00296417e+02 4.16965149e+02 1.99273849e+02
      3.87192688e+02 1.98407043e+02 3.57550415e+02 1.97533386e+02</_></_>
  <_><_>
      5.72617676e+02 3.14195679e+02 5.39820251e+02 3.12865234e+02
      5.07436035e+02 3.11699615e+02 4.75179108e+02 3.10384705e+02
      4.42985779e+02 3.09343475e+02 4.10847961e+02 3.07915741e+02
      3.79003571e+02 3.06777466e+02 3.47441956e+02 3.05556549e+02
      5.71477539e+02 2.85187744e+02 5.39267090e+02 2.83978455e+02
      5.07411072e+02 2.82923859e+02 4.75618378e+02 2.81483521e+02
      4.43998413e+02 2.80629883e+02 4.12497131e+02 2.79334106e+02
      3.81065430e+02 2.78322296e+02 3.50041687e+02 2.77276581e+02
      5.70380920e+02 2.57154205e+02 5.38661255e+02 2.56244781e+02
      5.07456787e+02 2.54871964e+02 4.76199554e+02 2.53601456e+02
      4.44979858e+02 2.52822449e+02 4.14172668e+02 2.51787262e+02
      3.83194824e+02 2.50608627e+02 3.52615479e+02 2.49676788e+02
      5.69408203e+02 2.30120163e+02 5.38282593e+02 2.29190781e+02
      5.07382294e+02 2.28220688e+02 4.76645752e+02 2.26902298e+02
      4.46000824e+02 2.25741180e+02 4.15551361e+02 2.25239410e+02
      3.85287750e+02 2.24245209e+02 3.55223389e+02 2.23143570e+02
      5.68335999e+02 2.03736710e+02 5.37696411e+02 2.03022964e+02
      5.07404633e+02 2.02178314e+02 4.77176758e+02 2.01170502e+02
      4.47038818e+02 2.00320511e+02 4.17023102e+02 1.99297882e+02
      3.87134552e+02 1.98404587e+02 3.57562195e+02 1.97531723e+02</_></_>
  <_><_>
      5.21416931e+02 3.20443970e+02 4.88776520e+02 3.19269592e+02
      4.56518127e+02 3.17972473e+02 4.24215454e+02 3.16558044e+02
      3.92041595e+02 3.15406830e+02 3.60122406e+02 3.14175110e+02
      3.28284515e+02 3.12803284e+02 2.96613922e+02 3.11552979e+02
      5.21180725e+02 2.91367981e+02 4.89165131e+02 2.90197083e+02
      4.57400482e+02 2.88963898e+02 4.25682648e+02 2.87545532e+02
      3.94055969e+02 2.86588684e+02 3.62635132e+02 2.85310577e+02
      3.31326385e+02 2.84211243e+02 3.00282013e+02 2.83094025e+02
      5.20974365e+02 2.63211182e+02 4.89477661e+02 2.62238129e+02
      4.58332458e+02 2.60829895e+02 4.27177917e+02 2.59527191e+02
      3.96062103e+02 2.58698456e+02 3.65072876e+02 2.57570618e+02
      3.34195953e+02 2.56401917e+02 3.03639679e+02 2.55433578e+02
      5.20680908e+02 2.36072372e+02 4.89768951e+02 2.35139572e+02
      4.59103882e+02 2.34067978e+02 4.28455444e+02 2.32695770e+02
      3.97693176e+02 2.31486603e+02 3.67456451e+02 2.30748108e+02
      3.37133820e+02 2.29764450e+02 3.07131622e+02 2.28693481e+02
      5.20507202e+02 2.09605804e+02 4.90227509e+02 2.08777618e+02
      4.59774017e+02 2.07810211e+02 4.29673004e+02 2.06702972e+02
      3.99618835e+02 2.05779953e+02 3.69700714e+02 2.04655655e+02
      3.39710907e+02 2.03771347e+02 3.10306183e+02 2.02993042e+02</_></_>
  <_><_>
      4.75254456e+02 3.19659485e+02 4.42814972e+02 3.18872040e+02
      4.10594147e+02 3.18215729e+02 3.78449646e+02 3.17313385e+02
      3.46417328e+02 3.16546387e+02 3.14389893e+02 3.15599792e+02
      2.82533508e+02 3.14945007e+02 2.50856430e+02 3.14331970e+02
      4.75305664e+02 2.90591980e+02 4.43457825e+02 2.89846863e+02
      4.11795715e+02 2.89319397e+02 3.80298889e+02 2.88335327e+02
      3.48670776e+02 2.87768616e+02 3.17394958e+02 2.87003174e+02
      2.85894379e+02 2.86309570e+02 2.54788864e+02 2.85532837e+02
      4.75360779e+02 2.62556152e+02 4.43964661e+02 2.61964752e+02
      4.12771881e+02 2.61185577e+02 3.81677643e+02 2.60292023e+02
      3.50633881e+02 2.59916901e+02 3.19921600e+02 2.59290100e+02
      2.89100189e+02 2.58349915e+02 2.58587067e+02 2.57723755e+02
      4.75350433e+02 2.35468384e+02 4.44469177e+02 2.34939896e+02
      4.13882141e+02 2.34330444e+02 3.83380341e+02 2.33435013e+02
      3.52715515e+02 2.32668137e+02 3.22522339e+02 2.32387772e+02
      2.92246429e+02 2.31718323e+02 2.62106323e+02 2.31101410e+02
      4.75352936e+02 2.09227127e+02 4.45005798e+02 2.08687256e+02
      4.14964600e+02 2.08214920e+02 3.84834106e+02 2.07430527e+02
      3.54876465e+02 2.06993805e+02 3.24947662e+02 2.06359695e+02
      2.95201843e+02 2.05717041e+02 2.65601135e+02 2.05279678e+02</_></_>
  <_><_>
      4.81488281e+02 3.03729828e+02 4.47421967e+02 3.02649353e+02
      4.13529358e+02 3.01662201e+02 3.79721588e+02 3.00493378e+02
      3.45933777e+02 2.99502686e+02 3.12578888e+02 2.98447052e+02
      2.79133057e+02 2.97407715e+02 2.45921829e+02 2.96339294e+02
      4.82087860e+02 2.71472137e+02 4.48444641e+02 2.70480042e+02
      4.14939484e+02 2.69512695e+02 3.81492432e+02 2.68348999e+02
      3.48296387e+02 2.67577087e+02 3.15175568e+02 2.66546936e+02
      2.82150970e+02 2.65579926e+02 2.49443146e+02 2.64610992e+02
      4.82647949e+02 2.39963257e+02 4.49405273e+02 2.39095444e+02
      4.16334045e+02 2.37983185e+02 3.83322876e+02 2.36859268e+02
      3.50430084e+02 2.36377151e+02 3.17741180e+02 2.35487061e+02
      2.85096649e+02 2.34449188e+02 2.52629715e+02 2.33601868e+02
      4.83285095e+02 2.09218597e+02 4.50342041e+02 2.08392593e+02
      4.17637024e+02 2.07571777e+02 3.85133514e+02 2.06545135e+02
      3.52436859e+02 2.05569092e+02 3.20214264e+02 2.05008621e+02
      2.87813141e+02 2.04308487e+02 2.55766022e+02 2.03348785e+02
      4.83790771e+02 1.78816620e+02 4.51294769e+02 1.78341599e+02
      4.18938690e+02 1.77595062e+02 3.86664520e+02 1.76792145e+02
      3.54539093e+02 1.76131744e+02 3.22564423e+02 1.75241669e+02
      2.90548676e+02 1.74492279e+02 2.59037445e+02 1.73658371e+02</_></_>
  <_><_>
      5.54627197e+02 3.03061096e+02 5.20350220e+02 3.02649994e+02
      4.86368011e+02 3.02418732e+02 4.52464935e+02 3.01994598e+02
      4.18584442e+02 3.01725800e+02 3.85122070e+02 3.01351013e+02
      3.51479095e+02 3.00988647e+02 3.18241089e+02 3.00621460e+02
      5.53550293e+02 2.70914215e+02 5.19647949e+02 2.70647369e+02
      4.86057587e+02 2.70424988e+02 4.52611603e+02 2.69949738e+02
      4.19287842e+02 2.69899475e+02 3.86112549e+02 2.69542328e+02
      3.52980103e+02 2.69376709e+02 3.20121643e+02 2.69020905e+02
