%YAML:1.0
cameraMatrix: !!opencv-matrix
   rows: 3
   cols: 3
   dt: d
   data: [ 6.2706783079528395e+02, 0., 3.2063848102226757e+02, 0.,
       6.2714878495099754e+02, 2.4023815246988616e+02, 0., 0., 1. ]
imageSize_width: 640
imageSize_height: 480
sensorSize_width: 0
sensorSize_height: 0
distCoeffs: !!opencv-matrix
   rows: 5
   cols: 1
   dt: d
   data: [ 1.9597115351404629e-02, 5.4280340775368852e-01,
       -5.0033030905394285e-05, -2.2984946894115746e-03,
       -3.3252835519692501e+00 ]
reprojectionError: 9.2446416616439819e-02
features:
   - [ 3.77133087e+02, 1.50645218e+02, 3.99456635e+02, 1.50782837e+02,
       4.22319336e+02, 1.51205276e+02, 4.45449158e+02, 1.51314285e+02,
       4.69351807e+02, 1.51647125e+02, 4.93173309e+02, 1.51630524e+02,
       5.17613770e+02, 1.52149323e+02, 5.42507324e+02, 1.52466934e+02,
       3.74463715e+02, 1.67129974e+02, 3.97108948e+02, 1.67521027e+02,
       4.20392334e+02, 1.67925552e+02, 4.44012146e+02, 1.68457153e+02,
       4.68110748e+02, 1.68698196e+02, 4.92735535e+02, 1.69295227e+02,
       5.17822205e+02, 1.69525497e+02, 5.43334961e+02, 1.70245987e+02,
       3.71388977e+02, 1.84394455e+02, 3.94581726e+02, 1.84972733e+02,
       4.18365448e+02, 1.85649506e+02, 4.42527924e+02, 1.85980988e+02,
       4.67370819e+02, 1.86684113e+02, 4.92350677e+02, 1.87037354e+02,
       5.17788940e+02, 1.88034500e+02, 5.43840027e+02, 1.88377060e+02,
       3.68395020e+02, 2.02158249e+02, 3.92180573e+02, 2.03207581e+02,
       4.16290680e+02, 2.03688400e+02, 4.40981903e+02, 2.04496994e+02,
       4.66085358e+02, 2.05179062e+02, 4.92100342e+02, 2.06224625e+02,
       5.17988281e+02, 2.06632111e+02, 5.44496521e+02, 2.08095016e+02,
       3.65320129e+02, 2.20974075e+02, 3.89473633e+02, 2.21906433e+02,
       4.14268188e+02, 2.22914627e+02, 4.39262787e+02, 2.23632324e+02,
       4.65089447e+02, 2.24762650e+02, 4.91289978e+02, 2.25554108e+02,
       5.18048157e+02, 2.26777466e+02, 5.45380127e+02, 2.27701904e+02,
       3.61851990e+02, 2.40556290e+02, 3.86529480e+02, 2.41768082e+02,
       4.11896118e+02, 2.42695068e+02, 4.37626404e+02, 2.44136734e+02,
       4.63993011e+02, 2.45284943e+02, 4.90914917e+02, 2.46624054e+02,
       5.18267578e+02, 2.47523468e+02, 5.46195801e+02, 2.49161423e+02 ]
   - [ 2.95696960e+02, 1.62069427e+02, 3.22206329e+02, 1.61593750e+02,
       3.48860901e+02, 1.61151367e+02, 3.75867523e+02, 1.60536331e+02,
       4.03278961e+02, 1.60016144e+02, 4.30834503e+02, 1.59382843e+02,
       4.58850464e+02, 1.58839081e+02, 4.87148102e+02, 1.58290649e+02,
       2.93935425e+02, 1.85008286e+02, 3.20849396e+02, 1.84615585e+02,
       3.48156433e+02, 1.84286819e+02, 3.75603088e+02, 1.83812256e+02,
       4.03478577e+02, 1.83430237e+02, 4.31620697e+02, 1.82984192e+02,
       4.60186798e+02, 1.82495667e+02, 4.88994720e+02, 1.82075394e+02,
       2.92124176e+02, 2.08795013e+02, 3.19545959e+02, 2.08575256e+02,
       3.47340607e+02, 2.08334076e+02, 3.75401489e+02, 2.07992493e+02,
       4.03711334e+02, 2.07668594e+02, 4.32465393e+02, 2.07418106e+02,
       4.61526886e+02, 2.07066177e+02, 4.90914825e+02, 2.06730377e+02,
       2.90170410e+02, 2.33423111e+02, 3.18167267e+02, 2.33319962e+02,
       3.46482544e+02, 2.33178436e+02, 3.75120911e+02, 2.32895142e+02,
       4.04080933e+02, 2.32711319e+02, 4.33314484e+02, 2.32594650e+02,
       4.63024750e+02, 2.32425217e+02, 4.92974091e+02, 2.32293228e+02,
       2.88172791e+02, 2.59213287e+02, 3.16665344e+02, 2.59238770e+02,
       3.45607422e+02, 2.59219513e+02, 3.74739899e+02, 2.59140198e+02,
       4.04366852e+02, 2.59061707e+02, 4.34253662e+02, 2.59063263e+02,
       4.64509338e+02, 2.59019012e+02, 4.95186676e+02, 2.59086487e+02,
       2.86066772e+02, 2.85944946e+02, 3.15270752e+02, 2.86133057e+02,
       3.44601471e+02, 2.86309601e+02, 3.74508942e+02, 2.86381653e+02,
       4.04626404e+02, 2.86461731e+02, 4.35215973e+02, 2.86622467e+02,
       4.66183014e+02, 2.86769562e+02, 4.97464905e+02, 2.87024719e+02 ]
   - [ 2.84237213e+02, 1.43859070e+02, 3.10698639e+02, 1.43817764e+02,
       3.37591583e+02, 1.43758240e+02, 3.64708008e+02, 1.43648621e+02,
       3.92247375e+02, 1.43549561e+02, 4.19962830e+02, 1.43411194e+02,
       4.48045593e+02, 1.43309525e+02, 4.76396149e+02, 1.43193375e+02,
       2.82068726e+02, 1.67833054e+02, 3.09010406e+02, 1.67994537e+02,
       3.36311127e+02, 1.68073807e+02, 3.63753448e+02, 1.68138123e+02,
       3.91645508e+02, 1.68141754e+02, 4.19791962e+02, 1.68207047e+02,
       4.48394928e+02, 1.68207672e+02, 4.77176453e+02, 1.68236694e+02,
       2.79799774e+02, 1.92607193e+02, 3.07243103e+02, 1.92853760e+02,
       3.34860992e+02, 1.93103851e+02, 3.62842987e+02, 1.93303711e+02,
       3.91200256e+02, 1.93452362e+02, 4.19697998e+02, 1.93643845e+02,
       4.48658325e+02, 1.93820526e+02, 4.77980560e+02, 1.94036758e+02,
       2.77511902e+02, 2.17957169e+02, 3.05364624e+02, 2.18372726e+02,
       3.33461731e+02, 2.18676895e+02, 3.61827393e+02, 2.19050217e+02,
       3.90608459e+02, 2.19383499e+02, 4.19605743e+02, 2.19707367e+02,
       4.49078522e+02, 2.20113876e+02, 4.78749756e+02, 2.20454727e+02,
       2.75157684e+02, 2.44385574e+02, 3.03408508e+02, 2.44829193e+02,
       3.31979523e+02, 2.45409073e+02, 3.60820007e+02, 2.45833359e+02,
       3.90042480e+02, 2.46392258e+02, 4.19533325e+02, 2.46857422e+02,
       4.49394012e+02, 2.47403687e+02, 4.79635010e+02, 2.47980179e+02,
       2.72632019e+02, 2.71562042e+02, 3.01397034e+02, 2.72270294e+02,
       3.30425812e+02, 2.72873383e+02, 3.59677765e+02, 2.73584015e+02,
       3.89446045e+02, 2.74262848e+02, 4.19409668e+02, 2.74969208e+02,
       4.49783691e+02, 2.75630096e+02, 4.80547028e+02, 2.76440887e+02 ]
   - [ 2.72749207e+02, 1.54963470e+02, 2.93555817e+02, 1.48571777e+02,
       3.15207825e+02, 1.41898209e+02, 3.37511993e+02, 1.34933350e+02,
       3.60768372e+02, 1.27681877e+02, 3.85113892e+02, 1.20128052e+02,
       4.10378754e+02, 1.12309105e+02, 4.36645874e+02, 1.04154961e+02,
       2.70030853e+02, 1.75152435e+02, 2.91256195e+02, 1.69018875e+02,
       3.13195374e+02, 1.62520462e+02, 3.35909302e+02, 1.55839081e+02,
       3.59683472e+02, 1.48791290e+02, 3.84425018e+02, 1.41625076e+02,
       4.10294678e+02, 1.33975662e+02, 4.37177063e+02, 1.26130142e+02,
       2.67157440e+02, 1.96000519e+02, 2.88652374e+02, 1.90183777e+02,
       3.11118011e+02, 1.84075058e+02, 3.34347809e+02, 1.77555588e+02,
       3.58544006e+02, 1.70964203e+02, 3.83783508e+02, 1.63978394e+02,
       4.10162384e+02, 1.56740952e+02, 4.37640198e+02, 1.49190628e+02,
       2.64145233e+02, 2.17622147e+02, 2.86109406e+02, 2.12102280e+02,
       3.08854950e+02, 2.06264923e+02, 3.32584473e+02, 2.00198761e+02,
       3.57315399e+02, 1.93773972e+02, 3.83124695e+02, 1.87235016e+02,
       4.10011292e+02, 1.80297272e+02, 4.38215424e+02, 1.73170502e+02,
       2.60860657e+02, 2.40379135e+02, 2.83335175e+02, 2.35079666e+02,
       3.06546783e+02, 2.29574020e+02, 3.30737122e+02, 2.23828308e+02,
       3.56053070e+02, 2.17850830e+02, 3.82399445e+02, 2.11596970e+02,
       4.09832733e+02, 2.05161835e+02, 4.38702972e+02, 1.98411346e+02,
       2.57610992e+02, 2.64011749e+02, 2.80437378e+02, 2.59220764e+02,
       3.04197632e+02, 2.54088608e+02, 3.28823151e+02, 2.48687225e+02,
       3.54675049e+02, 2.43115509e+02, 3.81598358e+02, 2.37337189e+02,
       4.09743683e+02, 2.31242661e+02, 4.39338745e+02, 2.24877213e+02 ]
   - [ 2.73711700e+02, 1.36376373e+02, 2.96744720e+02, 1.33023987e+02,
       3.20483948e+02, 1.29547180e+02, 3.44861359e+02, 1.25842888e+02,
       3.70250549e+02, 1.22123161e+02, 3.96371643e+02, 1.18218582e+02,
       4.23436035e+02, 1.14110367e+02, 4.51399628e+02, 1.09856239e+02,
       2.72517487e+02, 1.60006927e+02, 2.95706940e+02, 1.57051483e+02,
       3.19636444e+02, 1.53872543e+02, 3.44383820e+02, 1.50613602e+02,
       3.69909271e+02, 1.47248795e+02, 3.96363312e+02, 1.43709991e+02,
       4.23668823e+02, 1.40060471e+02, 4.52001709e+02, 1.36282745e+02,
