%YAML:1.0
cameraMatrix: !!opencv-matrix
   rows: 3
   cols: 3
   dt: d
   data: [ 1.1954411073930764e+03, 0., 3.0873837443779229e+02, 0.,
       1.6299963515952984e+03, 4.2541066398915348e+02, 0., 0., 1. ]
imageSize_width: 640
imageSize_height: 480
sensorSize_width: 0
sensorSize_height: 0
distCoeffs: !!opencv-matrix
   rows: 5
   cols: 1
   dt: d
   data: [ -1.1610362397299956e-01, 8.1757435098664888e-01,
       3.9120154326638523e-03, 2.4695024214437537e-03,
       -7.2667240408563334e+00 ]
reprojectionError: 3.5668435692787170e-01
features:
   - [ 180., 100., 250., 100., 320., 100., 390., 100., 215., 135., 285.,
       135., 355., 135., 425., 135., 180., 170., 250., 170., 320., 170.,
       390., 170., 215., 205., 285., 205., 355., 205., 425., 205., 180.,
       240., 250., 240., 320., 240., 390., 240. ]
   - [ 180., 100., 250., 100., 320., 100., 390., 100., 215., 135., 285.,
       135., 355., 135., 425., 135., 180., 170., 250., 170., 320., 170.,
       390., 170., 215., 205., 285., 205., 355., 205., 425., 205., 180.,
       240., 250., 240., 320., 240., 390., 240. ]
   - [ 180., 100., 250., 100., 320., 100., 390., 100., 215., 135., 285.,
       135., 355., 135., 425., 135., 180., 170., 250., 170., 320., 170.,
       390., 170., 215., 205., 285., 205., 355., 205., 425., 205., 180.,
       240., 250., 240., 320., 240., 390., 240. ]
   - [ 180., 100., 250., 100., 320., 100., 390., 100., 215., 135., 285.,
       135., 355., 135., 425., 135., 180., 170., 250., 170., 320., 170.,
       390., 170., 215., 205., 285., 205., 355., 205., 425., 205., 180.,
       240., 250., 240., 320., 240., 390., 240. ]
   - [ 1.72799042e+02, 7.58608398e+01, 2.54782410e+02, 8.00124741e+01,
       3.38727081e+02, 8.48305969e+01, 4.24346405e+02, 9.01459579e+01,
       2.06698151e+02, 1.24994888e+02, 2.90950623e+02, 1.30150391e+02,
       3.77046600e+02, 1.35755112e+02, 4.64770294e+02, 1.41814697e+02,
       1.57753952e+02, 1.71037338e+02, 2.42207275e+02, 1.76570908e+02,
       3.28686127e+02, 1.82494461e+02, 4.16972565e+02, 1.88925247e+02,
       1.92548187e+02, 2.24091095e+02, 2.79273132e+02, 2.30379059e+02,
       3.68071350e+02, 2.37154999e+02, 4.58547089e+02, 2.44454468e+02,
       1.42038712e+02, 2.72669312e+02, 2.28873993e+02, 2.79466705e+02,
       3.18017487e+02, 2.86615967e+02, 4.09154419e+02, 2.94322723e+02 ]
   - [ 1.86917053e+02, 1.22818947e+02, 2.61202209e+02, 1.00672211e+02,
       3.39855743e+02, 7.75845947e+01, 4.23123474e+02, 5.33089371e+01,
       2.18785797e+02, 1.57925049e+02, 2.96475159e+02, 1.36206757e+02,
       3.78783508e+02, 1.13508698e+02, 4.66046753e+02, 8.95935211e+01,
       1.76174927e+02, 2.15666550e+02, 2.52800400e+02, 1.95478271e+02,
       3.34107330e+02, 1.74246826e+02, 4.20333801e+02, 1.52017105e+02,
       2.08894897e+02, 2.55190475e+02, 2.89097046e+02, 2.35628418e+02,
       3.74304657e+02, 2.14966492e+02, 4.64721863e+02, 1.93338821e+02,
       1.64794449e+02, 3.15298248e+02, 2.43845169e+02, 2.97416962e+02,
       3.27863007e+02, 2.78554382e+02, 4.17316467e+02, 2.58622375e+02 ]
   - [ 1.77907196e+02, 9.52004776e+01, 2.63784302e+02, 9.00603256e+01,
       3.51824402e+02, 8.52754669e+01, 4.41987183e+02, 8.04754257e+01,
       2.17156845e+02, 1.43957474e+02, 3.05407043e+02, 1.39576263e+02,
       3.95744263e+02, 1.35537338e+02, 4.88290833e+02, 1.31397369e+02,
       1.69806076e+02, 1.98902542e+02, 2.58118500e+02, 1.95085419e+02,
       3.48746490e+02, 1.91432739e+02, 4.41383514e+02, 1.88115067e+02,
       2.10073090e+02, 2.51605118e+02, 3.00786926e+02, 2.48574234e+02,
       3.93838654e+02, 2.45647369e+02, 4.88776428e+02, 2.43048386e+02,
       1.61297958e+02, 3.09006378e+02, 2.52047775e+02, 3.06681702e+02,
       3.45215942e+02, 3.04411438e+02, 4.40703064e+02, 3.02290253e+02 ]
   - [ 1.93111374e+02, 9.47833252e+01, 2.82202240e+02, 1.16379105e+02,
       3.69491028e+02, 1.38002914e+02, 4.54217804e+02, 1.59314804e+02,
       2.32991455e+02, 1.53355698e+02, 3.23045349e+02, 1.74873764e+02,
       4.10816223e+02, 1.96109329e+02, 4.95524628e+02, 2.16894943e+02,
       1.81434082e+02, 1.92232559e+02, 2.74138245e+02, 2.13761459e+02,
       3.64937408e+02, 2.34810394e+02, 4.52888824e+02, 2.55603973e+02,
       2.22843185e+02, 2.54736572e+02, 3.16415375e+02, 2.75714630e+02,
       4.07770538e+02, 2.96353607e+02, 4.95439453e+02, 3.16264923e+02,
       1.69207962e+02, 2.97659515e+02, 2.65378113e+02, 3.18872345e+02,
       3.59868042e+02, 3.39422089e+02, 4.51156647e+02, 3.59169006e+02 ]
   - [ 3.30011841e+02, 2.31543045e+01, 3.79456757e+02, 9.56685638e+01,
       4.32613892e+02, 1.74083847e+02, 4.89792358e+02, 2.58811768e+02,
       3.18834198e+02, 9.52506180e+01, 3.68815552e+02, 1.72095383e+02,
       4.22615387e+02, 2.55060959e+02, 4.80516418e+02, 3.44743988e+02,
       2.60317017e+02, 9.50249023e+01, 3.07240417e+02, 1.70340210e+02,
       3.57768616e+02, 2.51566040e+02, 4.12212524e+02, 3.39348846e+02,
       2.47858139e+02, 1.68809753e+02, 2.95219269e+02, 2.48356918e+02,
       3.46293030e+02, 3.34247864e+02, 4.01355835e+02, 4.27108246e+02,
       1.90626862e+02, 1.67472595e+02, 2.34963181e+02, 2.45422989e+02,
       2.82754791e+02, 3.29467041e+02, 3.34361267e+02, 4.20298096e+02 ]
   - [ 3.76569275e+02, 1.08880510e+01, 4.05459259e+02, 9.62544479e+01,
       4.36693237e+02, 1.89837662e+02, 4.70661163e+02, 2.91566956e+02,
       3.49827179e+02, 7.88948898e+01, 3.78011658e+02, 1.69317749e+02,
       4.08656342e+02, 2.67393188e+02, 4.42024017e+02, 3.74219940e+02,
       2.96901825e+02, 6.25389633e+01, 3.22261139e+02, 1.49920044e+02,
       3.49792053e+02, 2.44580109e+02, 3.79790253e+02, 3.47485474e+02,
       2.69261810e+02, 1.31550552e+02, 2.93932831e+02, 2.23073639e+02,
       3.20736450e+02, 3.22251709e+02, 3.50001373e+02, 4.30327606e+02,
       2.18854294e+02, 1.14178505e+02, 2.40913620e+02, 2.02720444e+02,
       2.64806213e+02, 2.98469818e+02, 2.90842926e+02, 4.02520691e+02 ]
   - [ 5.48329895e+02, 7.20124359e+01, 5.38026062e+02, 1.68525818e+02,
       5.26433228e+02, 2.73685516e+02, 5.14054199e+02, 3.87592865e+02,
       4.98082336e+02, 1.06035065e+02, 4.85130066e+02, 2.06530655e+02,
       4.71329529e+02, 3.15226288e+02, 4.56497742e+02, 4.33186615e+02,
       4.59733795e+02, 4.62126007e+01, 4.45576477e+02, 1.42189148e+02,
       4.30436981e+02, 2.45958496e+02, 4.14222504e+02, 3.58481201e+02,
       4.07676727e+02, 8.04863892e+01, 3.91288177e+02, 1.79705521e+02,
       3.73760162e+02, 2.86974640e+02, 3.54924133e+02, 4.03543915e+02,
       3.71325043e+02, 2.14695625e+01, 3.53834381e+02, 1.16245590e+02,
       3.35106354e+02, 2.18674713e+02, 3.15002258e+02, 3.29734436e+02 ]
   - [ 5.87796997e+02, 4.89422073e+01, 5.76973389e+02, 1.67725418e+02,
       5.65672180e+02, 2.90850525e+02, 5.53661011e+02, 4.18343323e+02,
       5.34817993e+02, 1.01088028e+02, 5.23119263e+02, 2.21078171e+02,
       5.10738159e+02, 3.45515778e+02, 4.97654694e+02, 4.74150818e+02,
       4.93798828e+02, 3.66144524e+01, 4.81666840e+02, 1.53465393e+02,
       4.68886383e+02, 2.74804840e+02, 4.55450012e+02, 4.00428528e+02,
       4.41344299e+02, 8.80389175e+01, 4.28150909e+02, 2.06258179e+02,
       4.14332001e+02, 3.28818359e+02, 3.99928314e+02, 4.55468689e+02,
       4.02176514e+02, 2.48082504e+01, 3.88566956e+02, 1.39896530e+02,
       3.74358002e+02, 2.59378326e+02, 3.59593048e+02, 3.82996460e+02 ]
   - [ 4.94452667e+02, 1.17825871e+01, 5.14232666e+02, 1.16738258e+02,
       5.34684753e+02, 2.27517731e+02, 5.55873291e+02, 3.44013733e+02,
       4.60557220e+02, 7.50958099e+01, 4.79526733e+02, 1.83274155e+02,
       4.99247437e+02, 2.97113312e+02, 5.19698608e+02, 4.16678833e+02,
       4.08179565e+02, 3.47451286e+01, 4.25677887e+02, 1.40317505e+02,
       4.43928711e+02, 2.51484070e+02, 4.62922302e+02, 3.68352264e+02,
       3.73176300e+02, 9.86603165e+01, 3.89953674e+02, 2.07159607e+02,
       4.07481537e+02, 3.21300507e+02, 4.25719727e+02, 4.41190613e+02,
       3.22049927e+02, 5.83063393e+01, 3.37362579e+02, 1.64166946e+02,
