%YAML:1.0
Rotation_Vector: !!opencv-matrix
   rows: 3
   cols: 1
   dt: d
   data: [ 1.0574499433942905e-01, -2.9091473947914472e-02,
       2.6318198206093490e-02 ]
Translation_Vector: !!opencv-matrix
   rows: 3
   cols: 1
   dt: d
   data: [ 2.7531818520985305e+00, -2.2622667837412380e-01,
       4.4992110884848220e+00 ]
